2.37378E-2	8.01034E-3	1.96869E-2	7.08075E-3
2.57107E-3	6.68170E-3	2.29489E-3	6.15521E-3
-1.88012E-2	5.33973E-3	-1.57893E-2	5.20157E-3
-3.98652E-2	3.99422E-3	-3.35274E-2	4.23710E-3
-6.07237E-2	2.65850E-3	-5.13521E-2	3.30573E-3
-8.16850E-2	1.32528E-3	-6.87441E-2	2.38581E-3
-1.02441E-1	-5.44792E-6	-8.61361E-2	1.47172E-3
-1.23299E-1	-1.33472E-3	-1.03701E-1	5.38890E-4
-1.44055E-1	-2.66503E-3	-1.21526E-1	-4.03096E-4
-1.64913E-1	-3.99471E-3	-1.39004E-1	-1.32739E-3
-1.85978E-1	-5.32440E-3	-1.56569E-1	-2.25584E-3
-2.07144E-1	-6.65762E-3	-1.74221E-1	-3.19096E-3
-2.27695E-1	-7.98876E-3	-1.91873E-1	-4.11671E-3
-2.48450E-1	-9.31408E-3	-2.09524E-1	-5.03497E-3
-2.69514E-1	-1.06379E-2	-2.27003E-1	-5.95218E-3
-2.90373E-1	-1.19605E-2	-2.44481E-1	-6.86794E-3
-3.10615E-1	-1.32742E-2	-2.62133E-1	-7.78037E-3
-3.32295E-1	-1.45897E-2	-2.79785E-1	-8.69217E-3
-3.53051E-1	-1.59086E-2	-2.97176E-1	-9.60460E-3
-3.73704E-1	-1.72187E-2	-3.14655E-1	-1.05166E-2
-3.94666E-1	-1.85322E-2	-3.32653E-1	-1.14334E-2
-4.15832E-1	-1.98487E-2	-3.50391E-1	-1.23529E-2
-4.36793E-1	-2.11591E-2	-3.67869E-1	-1.32670E-2
-4.57652E-1	-2.24638E-2	-3.85607E-1	-1.41767E-2
-4.78613E-1	-2.37641E-2	-4.03000E-1	-1.50858E-2
-4.99266E-1	-2.50565E-2	-4.20738E-1	-1.59943E-2
-5.20228E-1	-2.63448E-2	-4.38216E-1	-1.69005E-2
-5.41189E-1	-2.76335E-2	-4.55781E-1	-1.78067E-2
-5.62150E-1	-2.89192E-2	-4.73433E-1	-1.87114E-2
-5.82803E-1	-3.02000E-2	-4.91171E-1	-1.96132E-2
-6.04073E-1	-3.14810E-2	-5.08823E-1	-2.05200E-2
-6.25034E-1	-3.27605E-2	-5.26388E-1	-2.14287E-2
-6.45995E-1	-3.40319E-2	-5.43953E-1	-2.23315E-2
-6.66648E-1	-3.52968E-2	-5.61518E-1	-2.32371E-2
-6.87507E-1	-3.65568E-2	-5.79256E-1	-2.41429E-2
-7.08674E-1	-3.78126E-2	-5.96648E-1	-2.50386E-2
-7.29224E-1	-3.90646E-2	-6.14127E-1	-2.59303E-2
-7.50185E-1	-4.03121E-2	-6.32038E-1	-2.68262E-2
-7.71249E-1	-4.15550E-2	-6.49603E-1	-2.77208E-2
-7.92725E-1	-4.28076E-2	-6.67687E-1	-2.86188E-2
-8.13686E-1	-4.40626E-2	-6.85252E-1	-2.95186E-2
-8.34441E-1	-4.53005E-2	-7.02731E-1	-3.04085E-2
-8.55403E-1	-4.65276E-2	-7.20469E-1	-3.12945E-2
-8.76570E-1	-4.77494E-2	-7.38034E-1	-3.21778E-2
-8.97120E-1	-4.89646E-2	-7.55340E-1	-3.30567E-2
-9.17979E-1	-5.01736E-2	-7.73251E-1	-3.39335E-2
-9.38735E-1	-5.13798E-2	-7.90816E-1	-3.48099E-2
-9.59799E-1	-5.25823E-2	-8.08295E-1	-3.56845E-2
-9.80863E-1	-5.37825E-2	-8.25860E-1	-3.65586E-2
-1.00182E+0	-5.49815E-2	-8.43684E-1	-3.74325E-2
-1.02268E+0	-5.61732E-2	-8.61423E-1	-3.83042E-2
-1.04354E+0	-5.73580E-2	-8.78901E-1	-3.91720E-2
-1.06450E+0	-5.85382E-2	-8.96380E-1	-4.00372E-2
-1.08526E+0	-5.97116E-2	-9.13945E-1	-4.08987E-2
-1.10591E+0	-6.08789E-2	-9.31510E-1	-4.17570E-2
-1.12698E+0	-6.20416E-2	-9.49162E-1	-4.26151E-2
-1.14794E+0	-6.32008E-2	-9.70361E-1	-4.34078E-2
-1.16890E+0	-6.43567E-2	-9.84898E-1	-4.42109E-2
-1.18976E+0	-6.55111E-2	-1.00238E+0	-4.50799E-2
-1.21062E+0	-6.66610E-2	-1.01977E+0	-4.59342E-2
-1.23168E+0	-6.78039E-2	-1.03733E+0	-4.67825E-2
-1.25264E+0	-6.89419E-2	-1.05490E+0	-4.76290E-2
-1.27319E+0	-7.00732E-2	-1.07246E+0	-4.84744E-2
-1.29415E+0	-7.11970E-2	-1.09012E+0	-4.93171E-2
-1.31501E+0	-7.23169E-2	-1.10768E+0	-5.01579E-2
-1.33597E+0	-7.34351E-2	-1.12516E+0	-5.09983E-2
-1.35693E+0	-7.45498E-2	-1.14281E+0	-5.18368E-2
-1.37810E+0	-7.56698E-2	-1.16064E+0	-5.26766E-2
-1.39906E+0	-7.67891E-2	-1.17829E+0	-5.35149E-2
-1.41725E+0	-7.78319E-2	-1.19577E+0	-5.43481E-2
-1.44119E+0	-7.88746E-2	-1.21342E+0	-5.51789E-2
-1.46174E+0	-7.99711E-2	-1.23133E+0	-5.60081E-2
-1.48250E+0	-8.10491E-2	-1.24855E+0	-5.68333E-2
-1.50336E+0	-8.21226E-2	-1.26611E+0	-5.76533E-2
-1.52421E+0	-8.31942E-2	-1.28368E+0	-5.84724E-2
-1.54518E+0	-8.42626E-2	-1.30142E+0	-5.92931E-2
-1.56603E+0	-8.53275E-2	-1.31898E+0	-6.01114E-2
-1.58730E+0	-8.63895E-2	-1.33689E+0	-6.09268E-2
-1.60847E+0	-8.74546E-2	-1.35437E+0	-6.17404E-2
-1.62923E+0	-8.85148E-2	-1.37194E+0	-6.25504E-2
-1.65019E+0	-8.95614E-2	-1.38976E+0	-6.33569E-2
-1.67115E+0	-9.06000E-2	-1.40724E+0	-6.41613E-2
-1.69170E+0	-9.16335E-2	-1.42472E+0	-6.49623E-2
-1.71256E+0	-9.26632E-2	-1.44229E+0	-6.57599E-2
-1.73342E+0	-9.36901E-2	-1.46002E+0	-6.65566E-2
-1.75469E+0	-9.47140E-2	-1.47750E+0	-6.73520E-2
-1.77565E+0	-9.57362E-2	-1.49515E+0	-6.81470E-2
-1.79641E+0	-9.67537E-2	-1.51281E+0	-6.89402E-2
-1.81726E+0	-9.77642E-2	-1.53072E+0	-6.97292E-2
-1.83843E+0	-9.87734E-2	-1.54811E+0	-7.05155E-2
-1.85929E+0	-9.97775E-2	-1.56559E+0	-7.12993E-2
-1.87984E+0	-1.00770E-1	-1.58298E+0	-7.20793E-2
-1.90070E+0	-1.01757E-1	-1.60063E+0	-7.28577E-2
-1.92166E+0	-1.02744E-1	-1.61846E+0	-7.36356E-2
-1.94262E+0	-1.03727E-1	-1.63585E+0	-7.44111E-2
-1.96389E+0	-1.04711E-1	-1.65367E+0	-7.51890E-2
-1.98485E+0	-1.05694E-1	-1.67150E+0	-7.59703E-2
-2.00571E+0	-1.06667E-1	-1.68932E+0	-7.67485E-2
-2.02647E+0	-1.07629E-1	-1.70689E+0	-7.75591E-2
-2.04753E+0	-1.08588E-1	-1.72437E+0	-7.83785E-2
-2.06819E+0	-1.09544E-1	-1.74072E+0	-7.91454E-2
-2.08905E+0	-1.10493E-1	-1.75967E+0	-7.99028E-2
-2.11001E+0	-1.11446E-1	-1.77698E+0	-8.06704E-2
-2.13107E+0	-1.12398E-1	-1.79454E+0	-8.14300E-2
-2.15172E+0	-1.13341E-1	-1.81228E+0	-8.21848E-2
-2.17289E+0	-1.14278E-1	-1.82993E+0	-8.29385E-2
-2.19406E+0	-1.15213E-1	-1.84767E+0	-8.36916E-2
-2.21492E+0	-1.16143E-1	-1.86515E+0	-8.46746E-2
-2.23557E+0	-1.17067E-1	-1.88298E+0	-8.57365E-2
-2.25622E+0	-1.17984E-1	-1.89976E+0	-8.65750E-2
-2.27749E+0	-1.18897E-1	-1.91811E+0	-8.73368E-2
-2.29825E+0	-1.19805E-1	-1.93541E+0	-8.80825E-2
-2.31901E+0	-1.20711E-1	-1.95298E+0	-8.88165E-2
-2.33997E+0	-1.21614E-1	-1.97072E+0	-8.95470E-2
-2.36134E+0	-1.22520E-1	-1.98863E+0	-9.02800E-2
-2.38230E+0	-1.23425E-1	-2.00619E+0	-9.10134E-2
-2.40316E+0	-1.24320E-1	-2.02376E+0	-9.17418E-2
-2.42402E+0	-1.25209E-1	-2.04141E+0	-9.24663E-2
-2.43841E+0	-1.25990E-1	-2.05906E+0	-9.31874E-2
-2.46677E+0	-1.26785E-1	-2.07646E+0	-9.39048E-2
-2.48742E+0	-1.27691E-1	-2.09402E+0	-9.46191E-2
-2.50766E+0	-1.28573E-1	-2.11176E+0	-9.53319E-2
-2.52842E+0	-1.29438E-1	-2.12932E+0	-9.60416E-2
-2.54969E+0	-1.30300E-1	-2.14706E+0	-9.67515E-2
-2.57045E+0	-1.31162E-1	-2.16454E+0	-9.74620E-2
-2.59120E+0	-1.32021E-1	-2.18219E+0	-9.81696E-2
-2.61216E+0	-1.32876E-1	-2.20002E+0	-9.88755E-2
-2.63323E+0	-1.33728E-1	-2.21750E+0	-9.95821E-2
-2.65409E+0	-1.34577E-1	-2.23489E+0	-1.00284E-1
-2.67453E+0	-1.35419E-1	-2.25254E+0	-1.00986E-1
-2.69539E+0	-1.36257E-1	-2.27028E+0	-1.01688E-1
-2.71656E+0	-1.37094E-1	-2.28759E+0	-1.02385E-1
-2.73742E+0	-1.37928E-1	-2.30515E+0	-1.03080E-1
-2.75869E+0	-1.38764E-1	-2.32306E+0	-1.03776E-1
-2.77945E+0	-1.39598E-1	-2.34080E+0	-1.04471E-1
-2.80051E+0	-1.40423E-1	-2.35846E+0	-1.05163E-1
-2.82147E+0	-1.41244E-1	-2.37602E+0	-1.05853E-1
-2.84233E+0	-1.42061E-1	-2.39359E+0	-1.06540E-1
-2.86288E+0	-1.42871E-1	-2.41089E+0	-1.07225E-1
-2.88385E+0	-1.43683E-1	-2.42872E+0	-1.07909E-1
-2.90481E+0	-1.44496E-1	-2.44628E+0	-1.08590E-1
-2.92577E+0	-1.45307E-1	-2.46368E+0	-1.09269E-1
-2.94673E+0	-1.46116E-1	-2.48159E+0	-1.09948E-1
-2.96759E+0	-1.46918E-1	-2.49933E+0	-1.10626E-1
-2.98845E+0	-1.47715E-1	-2.51681E+0	-1.11301E-1
-3.00951E+0	-1.48508E-1	-2.53428E+0	-1.11978E-1
-3.03017E+0	-1.49299E-1	-2.55202E+0	-1.12651E-1
-3.05113E+0	-1.50086E-1	-2.56959E+0	-1.13319E-1
-3.07219E+0	-1.50867E-1	-2.58716E+0	-1.13986E-1
-3.09295E+0	-1.51645E-1	-2.60446E+0	-1.14702E-1
-3.11381E+0	-1.52423E-1	-2.62237E+0	-1.15491E-1
-3.13477E+0	-1.53199E-1	-2.63994E+0	-1.16260E-1
-3.12316E+0	-1.53592E-1	-2.62990E+0	-1.16646E-1
-3.10097E+0	-1.53388E-1	-2.61138E+0	-1.16507E-1
-3.07959E+0	-1.52898E-1	-2.59408E+0	-1.16127E-1
-3.05884E+0	-1.52311E-1	-2.57634E+0	-1.15655E-1
-3.03839E+0	-1.51689E-1	-2.55869E+0	-1.15135E-1
-3.01743E+0	-1.51053E-1	-2.54103E+0	-1.14599E-1
-2.99636E+0	-1.50406E-1	-2.52330E+0	-1.14058E-1
-2.97550E+0	-1.49747E-1	-2.50573E+0	-1.13511E-1
-2.95444E+0	-1.49082E-1	-2.48825E+0	-1.12956E-1
-2.93348E+0	-1.48411E-1	-2.47051E+0	-1.12391E-1
-2.91262E+0	-1.47735E-1	-2.45277E+0	-1.11821E-1
-2.89176E+0	-1.47055E-1	-2.43512E+0	-1.11248E-1
-2.87080E+0	-1.46371E-1	-2.41773E+0	-1.10672E-1
-2.85014E+0	-1.45683E-1	-2.39999E+0	-1.10094E-1
-2.82918E+0	-1.44995E-1	-2.38251E+0	-1.09514E-1
-2.80832E+0	-1.44304E-1	-2.36495E+0	-1.08932E-1
-2.78746E+0	-1.43604E-1	-2.34755E+0	-1.08346E-1
-2.76660E+0	-1.42897E-1	-2.32973E+0	-1.07757E-1
-2.74513E+0	-1.42181E-1	-2.31182E+0	-1.07162E-1
-2.72406E+0	-1.41458E-1	-2.29399E+0	-1.06560E-1
-2.70320E+0	-1.40736E-1	-2.27651E+0	-1.05959E-1
-2.68245E+0	-1.40012E-1	-2.25886E+0	-1.05357E-1
-2.66159E+0	-1.39284E-1	-2.24138E+0	-1.04752E-1
-2.64052E+0	-1.38554E-1	-2.22373E+0	-1.04147E-1
-2.61987E+0	-1.37822E-1	-2.20642E+0	-1.03541E-1
-2.59891E+0	-1.37083E-1	-2.18886E+0	-1.02931E-1
-2.57805E+0	-1.36339E-1	-2.17095E+0	-1.02318E-1
-2.55698E+0	-1.35591E-1	-2.15338E+0	-1.01700E-1
-2.53592E+0	-1.34837E-1	-2.13564E+0	-1.01078E-1
-2.51496E+0	-1.34077E-1	-2.11816E+0	-1.00453E-1
-2.49420E+0	-1.33315E-1	-2.10042E+0	-9.98278E-2
-2.47314E+0	-1.32549E-1	-2.08277E+0	-9.92000E-2
-2.45228E+0	-1.31779E-1	-2.06521E+0	-9.85705E-2
-2.43152E+0	-1.31008E-1	-2.04790E+0	-9.79396E-2
-2.41077E+0	-1.30234E-1	-2.03025E+0	-9.73063E-2
-2.38980E+0	-1.29453E-1	-2.01251E+0	-9.66709E-2
-2.36874E+0	-1.28666E-1	-1.99503E+0	-9.60334E-2
-2.34768E+0	-1.27870E-1	-1.97729E+0	-9.53892E-2
-2.32692E+0	-1.27069E-1	-1.95955E+0	-9.47403E-2
-2.30596E+0	-1.26267E-1	-1.94190E+0	-9.40909E-2
-2.28500E+0	-1.25463E-1	-1.92442E+0	-9.34401E-2
-2.26424E+0	-1.24655E-1	-1.90677E+0	-9.27878E-2
-2.24369E+0	-1.23846E-1	-1.88947E+0	-9.21345E-2
-2.22273E+0	-1.23033E-1	-1.87190E+0	-9.14786E-2
-2.20166E+0	-1.22211E-1	-1.85416E+0	-9.08189E-2
-2.18080E+0	-1.21385E-1	-1.83668E+0	-9.01556E-2
-2.15995E+0	-1.20554E-1	-1.81903E+0	-8.94891E-2
-2.13898E+0	-1.19716E-1	-1.80129E+0	-8.88183E-2
-2.11782E+0	-1.18874E-1	-1.78364E+0	-8.81448E-2
-2.09685E+0	-1.18026E-1	-1.76599E+0	-8.74707E-2
-2.07630E+0	-1.17176E-1	-1.74851E+0	-8.67945E-2
-2.05545E+0	-1.16324E-1	-1.73094E+0	-8.61178E-2
-2.03459E+0	-1.15469E-1	-1.71321E+0	-8.54389E-2
-2.01373E+0	-1.14607E-1	-1.69564E+0	-8.47552E-2
-1.99256E+0	-1.13739E-1	-1.67825E+0	-8.40681E-2
-1.97180E+0	-1.12865E-1	-1.66051E+0	-8.33778E-2
-1.95053E+0	-1.11979E-1	-1.64234E+0	-8.26793E-2
-1.92947E+0	-1.11085E-1	-1.62477E+0	-8.19758E-2
-1.90851E+0	-1.10193E-1	-1.60729E+0	-8.12748E-2
-1.88786E+0	-1.09298E-1	-1.58973E+0	-8.05738E-2
-1.86659E+0	-1.08399E-1	-1.57208E+0	-7.98703E-2
-1.84583E+0	-1.07496E-1	-1.55451E+0	-7.91652E-2
-1.82518E+0	-1.06591E-1	-1.53721E+0	-7.84586E-2
-1.80432E+0	-1.05678E-1	-1.51947E+0	-7.77493E-2
-1.78325E+0	-1.04760E-1	-1.50190E+0	-7.70372E-2
-1.76209E+0	-1.03833E-1	-1.48408E+0	-7.63192E-2
-1.74123E+0	-1.02900E-1	-1.46651E+0	-7.55972E-2
-1.72047E+0	-1.01965E-1	-1.44886E+0	-7.48747E-2
-1.69930E+0	-1.01026E-1	-1.43130E+0	-7.41498E-2
-1.67845E+0	-1.00081E-1	-1.41347E+0	-7.34226E-2
-1.65790E+0	-9.91345E-2	-1.39608E+0	-7.26954E-2
-1.63704E+0	-9.81845E-2	-1.37869E+0	-7.19667E-2
-1.61608E+0	-9.72271E-2	-1.36095E+0	-7.12341E-2
-1.59522E+0	-9.62627E-2	-1.34338E+0	-7.04979E-2
-1.57426E+0	-9.52919E-2	-1.32582E+0	-6.97580E-2
-1.55309E+0	-9.43115E-2	-1.30799E+0	-6.90123E-2
-1.53233E+0	-9.33244E-2	-1.29051E+0	-6.82632E-2
-1.51137E+0	-9.23346E-2	-1.27260E+0	-6.75133E-2
-1.49051E+0	-9.13400E-2	-1.25512E+0	-6.67611E-2
-1.46965E+0	-9.03431E-2	-1.23765E+0	-6.60093E-2
-1.44869E+0	-8.93425E-2	-1.22017E+0	-6.52569E-2
-1.42794E+0	-8.83344E-2	-1.20252E+0	-6.44989E-2
-1.40677E+0	-8.73186E-2	-1.18486E+0	-6.37355E-2
-1.38591E+0	-8.62967E-2	-1.16730E+0	-6.29704E-2
-1.36485E+0	-8.52661E-2	-1.14965E+0	-6.22005E-2
-1.34419E+0	-8.42283E-2	-1.13191E+0	-6.14264E-2
-1.32292E+0	-8.31883E-2	-1.11417E+0	-6.06524E-2
-1.30217E+0	-8.21438E-2	-1.09678E+0	-5.98764E-2
-1.28141E+0	-8.10940E-2	-1.07930E+0	-5.90986E-2
-1.26066E+0	-8.00418E-2	-1.06156E+0	-5.83196E-2
-1.23949E+0	-7.89845E-2	-1.04400E+0	-5.75368E-2
-1.21873E+0	-7.79188E-2	-1.02643E+0	-5.67499E-2
-1.19798E+0	-7.68469E-2	-1.00904E+0	-5.59608E-2
-1.17712E+0	-7.57658E-2	-9.91128E-1	-5.51670E-2
-1.15575E+0	-7.46748E-2	-9.73303E-1	-5.43675E-2
-1.13499E+0	-7.35809E-2	-9.55824E-1	-5.35664E-2
-1.11434E+0	-7.24837E-2	-9.38432E-1	-5.27639E-2
-1.09307E+0	-7.13815E-2	-9.20694E-1	-5.19600E-2
-1.07231E+0	-7.02773E-2	-9.03042E-1	-5.11558E-2
-1.05135E+0	-6.91674E-2	-8.85391E-1	-5.03489E-2
-1.03049E+0	-6.80491E-2	-8.67912E-1	-4.95382E-2
-1.00974E+0	-6.69247E-2	-8.50347E-1	-4.87248E-2
-9.88877E-1	-6.57925E-2	-8.32782E-1	-4.79083E-2
-9.67608E-1	-6.46503E-2	-8.14871E-1	-4.70764E-2
-9.46544E-1	-6.35023E-2	-7.97219E-1	-4.62372E-2
-9.25993E-1	-6.23529E-2	-7.79741E-1	-4.54038E-2
-9.04929E-1	-6.11991E-2	-7.62175E-1	-4.45715E-2
-8.83968E-1	-6.00400E-2	-7.44264E-1	-4.37406E-2
-8.63109E-1	-5.88770E-2	-7.26959E-1	-4.29072E-2
-8.42354E-1	-5.77087E-2	-7.09480E-1	-4.20695E-2
-8.21495E-1	-5.65332E-2	-6.91915E-1	-4.12280E-2
-8.00636E-1	-5.53513E-2	-6.74263E-1	-4.03842E-2
-7.78956E-1	-5.41496E-2	-6.56092E-1	-3.95298E-2
-7.57995E-1	-5.29362E-2	-6.38614E-1	-3.86698E-2
-7.37239E-1	-5.17297E-2	-6.20962E-1	-3.78135E-2
-7.16072E-1	-5.05232E-2	-6.03224E-1	-3.69580E-2
-6.95419E-1	-4.93122E-2	-5.85659E-1	-3.61034E-2
-6.74663E-1	-4.80984E-2	-5.68353E-1	-3.52484E-2
-6.53907E-1	-4.68815E-2	-5.50702E-1	-3.43880E-2
-6.32740E-1	-4.56575E-2	-5.33050E-1	-3.35223E-2
-6.11882E-1	-4.44265E-2	-5.15226E-1	-3.26563E-2
-5.91126E-1	-4.31890E-2	-4.97747E-1	-3.17877E-2
-5.69959E-1	-4.19432E-2	-4.80268E-1	-3.09161E-2
-5.49101E-1	-4.06921E-2	-4.62444E-1	-3.00423E-2
-5.28037E-1	-3.94392E-2	-4.44792E-1	-2.91675E-2
-5.07486E-1	-3.81834E-2	-4.27227E-1	-2.82910E-2
-4.86525E-1	-3.69261E-2	-4.09749E-1	-2.74146E-2
-4.65667E-1	-3.56645E-2	-3.92183E-1	-2.65367E-2
-4.44808E-1	-3.43958E-2	-3.74532E-1	-2.56460E-2
-4.23641E-1	-3.31212E-2	-3.56880E-1	-2.47481E-2
-4.02988E-1	-3.18417E-2	-3.39402E-1	-2.38552E-2
-3.81616E-1	-3.05505E-2	-3.21404E-1	-2.29588E-2
-3.60757E-1	-2.92528E-2	-3.03752E-1	-2.20590E-2
-3.39899E-1	-2.79591E-2	-2.86274E-1	-2.11621E-2
-3.19041E-1	-2.66652E-2	-2.68795E-1	-2.02665E-2
-2.98079E-1	-2.53677E-2	-2.51144E-1	-1.93701E-2
-2.77323E-1	-2.40676E-2	-2.33579E-1	-1.84724E-2
-2.56362E-1	-2.27647E-2	-2.15927E-1	-1.75730E-2
-2.35401E-1	-2.14573E-2	-1.98362E-1	-1.66712E-2
-2.14542E-1	-2.01465E-2	-1.80797E-1	-1.57672E-2
-1.93478E-1	-1.88291E-2	-1.63145E-1	-1.48577E-2
-1.72414E-1	-1.75054E-2	-1.45321E-1	-1.39442E-2
-1.51761E-1	-1.61819E-2	-1.27669E-1	-1.30308E-2
-1.30800E-1	-1.48591E-2	-1.10364E-1	-1.21182E-2
-1.09839E-1	-1.35354E-2	-9.26257E-2	-1.12055E-2
-8.91858E-2	-1.22130E-2	-7.50606E-2	-1.02932E-2
-6.81218E-2	-1.08901E-2	-5.74090E-2	-9.38095E-3
-4.73660E-2	-9.56439E-3	-4.00170E-2	-8.46681E-3
-2.66103E-2	-8.23634E-3	-2.22789E-2	-7.55038E-3
-5.23802E-3	-6.90725E-3	-4.80036E-3	-6.63208E-3
1.61342E-2	-5.56713E-3	1.35434E-2	-5.70711E-3
3.68900E-2	-4.22409E-3	3.09355E-2	-4.78048E-3
5.79540E-2	-2.89126E-3	4.85005E-2	-3.85947E-3
7.87097E-2	-1.56092E-3	6.62386E-2	-2.93971E-3
9.94655E-2	-2.34746E-4	8.37171E-2	-2.02162E-3
1.20324E-1	1.08956E-3	1.00936E-1	-1.07875E-3
1.41388E-1	2.41573E-3	1.18847E-1	-1.26315E-4
1.61938E-1	3.74232E-3	1.36412E-1	8.03853E-4
1.83105E-1	5.06829E-3	1.54064E-1	1.72694E-3
2.04066E-1	6.39675E-3	1.71629E-1	2.64962E-3
2.24822E-1	7.72563E-3	1.89194E-1	3.57187E-3
2.45783E-1	9.04869E-3	2.06759E-1	4.49809E-3
2.66847E-1	1.03680E-2	2.24584E-1	5.42555E-3
2.87398E-1	1.16860E-2	2.41889E-1	6.34697E-3
3.08153E-1	1.30002E-2	2.59281E-1	7.26923E-3
3.29115E-1	1.43115E-2	2.76933E-1	8.19274E-3
3.50076E-1	1.56221E-2	2.94758E-1	9.11271E-3
3.70934E-1	1.69291E-2	3.12323E-1	1.00306E-2
3.92101E-1	1.82439E-2	3.30147E-1	1.09591E-2
4.13576E-1	1.95671E-2	3.48058E-1	1.18938E-2
4.34537E-1	2.08814E-2	3.65710E-1	1.28223E-2
4.55190E-1	2.21839E-2	3.83448E-1	1.37440E-2
4.76049E-1	2.34801E-2	4.00926E-1	1.46639E-2
4.96702E-1	2.47694E-2	4.18405E-1	1.55814E-2
5.17766E-1	2.60550E-2	4.36057E-1	1.64924E-2
5.38624E-1	2.73393E-2	4.53708E-1	1.74164E-2
5.59380E-1	2.86201E-2	4.71100E-1	1.83459E-2
5.80342E-1	2.98974E-2	4.88752E-1	1.92609E-2
6.01817E-1	3.11746E-2	5.06490E-1	2.01744E-2
6.22572E-1	3.24492E-2	5.24228E-1	2.10873E-2
6.43328E-1	3.37158E-2	5.41793E-1	2.19923E-2
6.64289E-1	3.49767E-2	5.59099E-1	2.29008E-2
6.85148E-1	3.62329E-2	5.76923E-1	2.38095E-2
7.05801E-1	3.74850E-2	5.94489E-1	2.47093E-2
7.26762E-1	3.87335E-2	6.11881E-1	2.56080E-2
7.47621E-1	3.99772E-2	6.29446E-1	2.65057E-2
7.68788E-1	4.12162E-2	6.47097E-1	2.74109E-2
7.90160E-1	4.24674E-2	6.65268E-1	2.83305E-2
8.10916E-1	4.37208E-2	6.82920E-1	2.92523E-2
8.31980E-1	4.49558E-2	7.00398E-1	3.01633E-2
8.53044E-1	4.61812E-2	7.18137E-1	3.10591E-2
8.73902E-1	4.74020E-2	7.35788E-1	3.19477E-2
8.94555E-1	4.86152E-2	7.53266E-1	3.28308E-2
9.15414E-1	4.98217E-2	7.70745E-1	3.37120E-2
9.36170E-1	5.10259E-2	7.88397E-1	3.45929E-2
9.57234E-1	5.22265E-2	8.06048E-1	3.54700E-2
9.78093E-1	5.34230E-2	8.23614E-1	3.63458E-2
9.99260E-1	5.46178E-2	8.41525E-1	3.72235E-2
1.02012E+0	5.58085E-2	8.58917E-1	3.80967E-2
1.04118E+0	5.69917E-2	8.76655E-1	3.89635E-2
1.06184E+0	5.81690E-2	8.94480E-1	3.98396E-2
1.08249E+0	5.93370E-2	9.11872E-1	4.07142E-2
1.10376E+0	6.04993E-2	9.29264E-1	4.15790E-2
1.12441E+0	6.16611E-2	9.46743E-1	4.24413E-2
1.14321E+0	6.27897E-2	9.64394E-1	4.32990E-2
1.16623E+0	6.39196E-2	9.81959E-1	4.41605E-2
1.18812E+0	6.50922E-2	1.00039E+0	4.50345E-2
1.20928E+0	6.62603E-2	1.01804E+0	4.59055E-2
1.22994E+0	6.74071E-2	1.03569E+0	4.67607E-2
1.25038E+0	6.85399E-2	1.05326E+0	4.76089E-2
1.27155E+0	6.96673E-2	1.07074E+0	4.84546E-2
1.29241E+0	7.07897E-2	1.08839E+0	4.92975E-2
1.31337E+0	7.19066E-2	1.10578E+0	5.01330E-2
1.33135E+0	7.29678E-2	1.12343E+0	5.09649E-2
1.35540E+0	7.40348E-2	1.14091E+0	5.18070E-2
1.37615E+0	7.51556E-2	1.15882E+0	5.26552E-2
1.39722E+0	7.62621E-2	1.17656E+0	5.34979E-2
1.41797E+0	7.73600E-2	1.19421E+0	5.43333E-2
1.43883E+0	7.84513E-2	1.21169E+0	5.51619E-2
1.45969E+0	7.95467E-2	1.22943E+0	5.59870E-2
1.48065E+0	8.06393E-2	1.24665E+0	5.68085E-2
1.50151E+0	8.17188E-2	1.26456E+0	5.76273E-2
1.52237E+0	8.27923E-2	1.28212E+0	5.84449E-2
1.54323E+0	8.38614E-2	1.29960E+0	5.92597E-2
1.56429E+0	8.49272E-2	1.31717E+0	6.00729E-2
1.58618E+0	8.60006E-2	1.33569E+0	6.08944E-2
1.60693E+0	8.70714E-2	1.35325E+0	6.17161E-2
1.62790E+0	8.81255E-2	1.37073E+0	6.25262E-2
1.64896E+0	8.91736E-2	1.38838E+0	6.33562E-2
1.66951E+0	9.02152E-2	1.40603E+0	6.41908E-2
1.69037E+0	9.12494E-2	1.42342E+0	6.50001E-2
1.71133E+0	9.22797E-2	1.44108E+0	6.58143E-2
1.73229E+0	9.33074E-2	1.45864E+0	6.66275E-2
1.75305E+0	9.43311E-2	1.47629E+0	6.74246E-2
1.77421E+0	9.53534E-2	1.49412E+0	6.82195E-2
1.79507E+0	9.63732E-2	1.51142E+0	6.90125E-2
1.81593E+0	9.73855E-2	1.52908E+0	6.97992E-2
1.83689E+0	9.83915E-2	1.54655E+0	7.05833E-2
1.85765E+0	9.93934E-2	1.56421E+0	7.13625E-2
1.87851E+0	1.00390E-1	1.58194E+0	7.21391E-2
1.89937E+0	1.01381E-1	1.59942E+0	7.29165E-2
1.92012E+0	1.02369E-1	1.61690E+0	7.36903E-2
1.94098E+0	1.03353E-1	1.63455E+0	7.44621E-2
1.96235E+0	1.04344E-1	1.65255E+0	7.52413E-2
1.98393E+0	1.05341E-1	1.67064E+0	7.60256E-2
2.00489E+0	1.06324E-1	1.68812E+0	7.68013E-2
2.02555E+0	1.07294E-1	1.70577E+0	7.75874E-2
2.04630E+0	1.08257E-1	1.72342E+0	7.83754E-2
2.06726E+0	1.09214E-1	1.74072E+0	7.91422E-2
2.08823E+0	1.10167E-1	1.75829E+0	7.99004E-2
2.10929E+0	1.11120E-1	1.77603E+0	8.06564E-2
2.12994E+0	1.12069E-1	1.79368E+0	8.14100E-2
2.15080E+0	1.13010E-1	1.81142E+0	8.22888E-2
2.17218E+0	1.13952E-1	1.82890E+0	8.32077E-2
2.19283E+0	1.14891E-1	1.84664E+0	8.40092E-2
2.21328E+0	1.15823E-1	1.86411E+0	8.47824E-2
2.23434E+0	1.16749E-1	1.88168E+0	8.55444E-2
2.25541E+0	1.17672E-1	1.89925E+0	8.62943E-2
2.27626E+0	1.18590E-1	1.91664E+0	8.70496E-2
2.29702E+0	1.19504E-1	1.93455E+0	8.78041E-2
2.31778E+0	1.20415E-1	1.95194E+0	8.85463E-2
2.33874E+0	1.21322E-1	1.96951E+0	8.92975E-2
2.36062E+0	1.22237E-1	1.98776E+0	9.00647E-2
2.38148E+0	1.23154E-1	2.00550E+0	9.08227E-2
2.40214E+0	1.24057E-1	2.02298E+0	9.15697E-2
2.42320E+0	1.24951E-1	2.04046E+0	9.23146E-2
2.44406E+0	1.25840E-1	2.05811E+0	9.30526E-2
2.46482E+0	1.26728E-1	2.07568E+0	9.37825E-2
2.48588E+0	1.27614E-1	2.09316E+0	9.45158E-2
2.50653E+0	1.28490E-1	2.11072E+0	9.52470E-2
2.52760E+0	1.29360E-1	2.12829E+0	9.59771E-2
2.54846E+0	1.30231E-1	2.14585E+0	9.67322E-2
2.56952E+0	1.31101E-1	2.16376E+0	9.75052E-2
2.59048E+0	1.31969E-1	2.18142E+0	9.82595E-2
2.61134E+0	1.32828E-1	2.19881E+0	9.89865E-2
2.63230E+0	1.33683E-1	2.21663E+0	9.97029E-2
2.65286E+0	1.34533E-1	2.23403E+0	1.00413E-1
2.67371E+0	1.35380E-1	2.25168E+0	1.01114E-1
2.69468E+0	1.36223E-1	2.26907E+0	1.01816E-1
2.71564E+0	1.37063E-1	2.28655E+0	1.02522E-1
2.73639E+0	1.37901E-1	2.30429E+0	1.03226E-1
2.75828E+0	1.38746E-1	2.32255E+0	1.03939E-1
2.77883E+0	1.39591E-1	2.34003E+0	1.04655E-1
2.79979E+0	1.40422E-1	2.35776E+0	1.05357E-1
2.82055E+0	1.41247E-1	2.37524E+0	1.06054E-1
2.84100E+0	1.42059E-1	2.39281E+0	1.06750E-1
2.86227E+0	1.42872E-1	2.41011E+0	1.07442E-1
2.88313E+0	1.43689E-1	2.42777E+0	1.08130E-1
2.90388E+0	1.44499E-1	2.44533E+0	1.08816E-1
2.92464E+0	1.45305E-1	2.46212E+0	1.09494E-1
2.94560E+0	1.46110E-1	2.48133E+0	1.10183E-1
2.96697E+0	1.46918E-1	2.49863E+0	1.10877E-1
2.98783E+0	1.47669E-1	2.51603E+0	1.11557E-1
3.00921E+0	1.48431E-1	2.53351E+0	1.12234E-1
3.02955E+0	1.49242E-1	2.55081E+0	1.12911E-1
3.05051E+0	1.50030E-1	2.56864E+0	1.13585E-1
3.07117E+0	1.50814E-1	2.58603E+0	1.14261E-1
3.09182E+0	1.51600E-1	2.60429E+0	1.14940E-1
3.11268E+0	1.52389E-1	2.62168E+0	1.15619E-1
3.13395E+0	1.53178E-1	2.63925E+0	1.16295E-1
3.12347E+0	1.53592E-1	2.62999E+0	1.16646E-1
3.10117E+0	1.53406E-1	2.61164E+0	1.16490E-1
3.08000E+0	1.52924E-1	2.59382E+0	1.16083E-1
3.05925E+0	1.52345E-1	2.57599E+0	1.15590E-1
3.03829E+0	1.51730E-1	2.55860E+0	1.15064E-1
3.01774E+0	1.51096E-1	2.54086E+0	1.14524E-1
2.99647E+0	1.50452E-1	2.52347E+0	1.13974E-1
2.97581E+0	1.49801E-1	2.50599E+0	1.13417E-1
2.95506E+0	1.49143E-1	2.48851E+0	1.12856E-1
2.93389E+0	1.48476E-1	2.47086E+0	1.12288E-1
2.91282E+0	1.47802E-1	2.45303E+0	1.11715E-1
2.89186E+0	1.47126E-1	2.43521E+0	1.11141E-1
2.87131E+0	1.46448E-1	2.41773E+0	1.10566E-1
2.85045E+0	1.45765E-1	2.40042E+0	1.09987E-1
2.82949E+0	1.45077E-1	2.38294E+0	1.09406E-1
2.80884E+0	1.44385E-1	2.36503E+0	1.08823E-1
2.78798E+0	1.43690E-1	2.34764E+0	1.08237E-1
2.76702E+0	1.42990E-1	2.33007E+0	1.07649E-1
2.74554E+0	1.42279E-1	2.31216E+0	1.07051E-1
2.72437E+0	1.41558E-1	2.29417E+0	1.06445E-1
2.70382E+0	1.40838E-1	2.27651E+0	1.05839E-1
2.68286E+0	1.40119E-1	2.25895E+0	1.05237E-1
2.66159E+0	1.39397E-1	2.24155E+0	1.04634E-1
2.64083E+0	1.38671E-1	2.22399E+0	1.04029E-1
2.62018E+0	1.37942E-1	2.20625E+0	1.03421E-1
2.59932E+0	1.37208E-1	2.18877E+0	1.02811E-1
2.57846E+0	1.36470E-1	2.17138E+0	1.02198E-1
2.55740E+0	1.35726E-1	2.15364E+0	1.01582E-1
2.53623E+0	1.34976E-1	2.13564E+0	1.00961E-1
2.51537E+0	1.34221E-1	2.11816E+0	1.00336E-1
2.49451E+0	1.33465E-1	2.10068E+0	9.97132E-2
2.47365E+0	1.32706E-1	2.08303E+0	9.90889E-2
2.45269E+0	1.31942E-1	2.06547E+0	9.84620E-2
2.43204E+0	1.31175E-1	2.04773E+0	9.78315E-2
2.41118E+0	1.30405E-1	2.03051E+0	9.71982E-2
2.39022E+0	1.29630E-1	2.01294E+0	9.65632E-2
2.36956E+0	1.28851E-1	1.99538E+0	9.59260E-2
2.34799E+0	1.28056E-1	1.97721E+0	9.52769E-2
2.32692E+0	1.27250E-1	1.95947E+0	9.46211E-2
2.30565E+0	1.26450E-1	1.94208E+0	9.39705E-2
2.28520E+0	1.25651E-1	1.92434E+0	9.33208E-2
2.26434E+0	1.24850E-1	1.90677E+0	9.26696E-2
2.24359E+0	1.24046E-1	1.88921E+0	9.20174E-2
2.22242E+0	1.23238E-1	1.87182E+0	9.13633E-2
2.20177E+0	1.22425E-1	1.85425E+0	9.07064E-2
2.18101E+0	1.21608E-1	1.83651E+0	9.00469E-2
2.16026E+0	1.20786E-1	1.81912E+0	8.93835E-2
2.13878E+0	1.19955E-1	1.80129E+0	8.87150E-2
2.11792E+0	1.19119E-1	1.78356E+0	8.80440E-2
2.09737E+0	1.18281E-1	1.76599E+0	8.73731E-2
2.07641E+0	1.17439E-1	1.74843E+0	8.66998E-2
2.05555E+0	1.16594E-1	1.73103E+0	8.60247E-2
2.03459E+0	1.15743E-1	1.71338E+0	8.53477E-2
2.01353E+0	1.14887E-1	1.69556E+0	8.46671E-2
1.99297E+0	1.14028E-1	1.67808E+0	8.39832E-2
1.97222E+0	1.13162E-1	1.66060E+0	8.32973E-2
1.95002E+0	1.12277E-1	1.64217E+0	8.25982E-2
1.92917E+0	1.11383E-1	1.62460E+0	8.18925E-2
1.90851E+0	1.10497E-1	1.60712E+0	8.11941E-2
1.88755E+0	1.09612E-1	1.58939E+0	8.04964E-2
1.86659E+0	1.08721E-1	1.57191E+0	7.97978E-2
1.84583E+0	1.07826E-1	1.55443E+0	7.90964E-2
1.82497E+0	1.06926E-1	1.53652E+0	7.83917E-2
1.80412E+0	1.06021E-1	1.51913E+0	7.76852E-2
1.78305E+0	1.05112E-1	1.50173E+0	7.69772E-2
1.76219E+0	1.04194E-1	1.48391E+0	7.62631E-2
1.74123E+0	1.03269E-1	1.46591E+0	7.55430E-2
1.72037E+0	1.02341E-1	1.44860E+0	7.48223E-2
1.69931E+0	1.01410E-1	1.43113E+0	7.41020E-2
1.67845E+0	1.00475E-1	1.41347E+0	7.33805E-2
1.65790E+0	9.95372E-2	1.39582E+0	7.26566E-2
1.63673E+0	9.85945E-2	1.37834E+0	7.19301E-2
1.61598E+0	9.76445E-2	1.36087E+0	7.12008E-2
1.59512E+0	9.66890E-2	1.34321E+0	7.04693E-2
1.57426E+0	9.57288E-2	1.32548E+0	6.97346E-2
1.55227E+0	9.47495E-2	1.30704E+0	6.89862E-2
1.53131E+0	9.37601E-2	1.28957E+0	6.82316E-2
1.51055E+0	9.27774E-2	1.27200E+0	6.74838E-2
1.48969E+0	9.17931E-2	1.25435E+0	6.67358E-2
1.46904E+0	9.08060E-2	1.23696E+0	6.59870E-2
1.44798E+0	8.98144E-2	1.21939E+0	6.52371E-2
1.42712E+0	8.88157E-2	1.20183E+0	6.44839E-2
1.40626E+0	8.78113E-2	1.18417E+0	6.37274E-2
1.38540E+0	8.68026E-2	1.16652E+0	6.29676E-2
1.36444E+0	8.57843E-2	1.14887E+0	6.22015E-2
1.34327E+0	8.47567E-2	1.13122E+0	6.14321E-2
1.32262E+0	8.37269E-2	1.11374E+0	6.06633E-2
1.30176E+0	8.26947E-2	1.09609E+0	5.98930E-2
1.28100E+0	8.16577E-2	1.07835E+0	5.91196E-2
1.25984E+0	8.06161E-2	1.06105E+0	5.83435E-2
1.23908E+0	7.95695E-2	1.04348E+0	5.75650E-2
1.21843E+0	7.85163E-2	1.02583E+0	5.67835E-2
1.19747E+0	7.74570E-2	1.00826E+0	5.60001E-2
1.17589E+0	7.63800E-2	9.90179E-1	5.52059E-2
1.15441E+0	7.52832E-2	9.72181E-1	5.44005E-2
1.13366E+0	7.41883E-2	9.54357E-1	5.35961E-2
1.11290E+0	7.31001E-2	9.36878E-1	5.27958E-2
1.09194E+0	7.20088E-2	9.19313E-1	5.19962E-2
1.07088E+0	7.09137E-2	9.01835E-1	5.11964E-2
1.05002E+0	6.98136E-2	8.84096E-1	5.03945E-2
1.02926E+0	6.87064E-2	8.66531E-1	4.95880E-2
1.00830E+0	6.75926E-2	8.48966E-1	4.87789E-2
9.87340E-1	6.64717E-2	8.31488E-1	4.79680E-2
9.66173E-1	6.53410E-2	8.13576E-1	4.71520E-2
9.45418E-1	6.42045E-2	7.95925E-1	4.63311E-2
9.24354E-1	6.30671E-2	7.78360E-1	4.55113E-2
9.03495E-1	6.19262E-2	7.60708E-1	4.46913E-2
8.82636E-1	6.07812E-2	7.43229E-1	4.38698E-2
8.61983E-1	5.96309E-2	7.25578E-1	4.30448E-2
8.41125E-1	5.84744E-2	7.08099E-1	4.22157E-2
8.19958E-1	5.73115E-2	6.90621E-1	4.13848E-2
7.99099E-1	5.61429E-2	6.72969E-1	4.05524E-2
7.77727E-1	5.49544E-2	6.54798E-1	3.97065E-2
7.56663E-1	5.37523E-2	6.37233E-1	3.88528E-2
7.35804E-1	5.25571E-2	6.19668E-1	3.80057E-2
7.14843E-1	5.13629E-2	6.02189E-1	3.71601E-2
6.94190E-1	5.01647E-2	5.84451E-1	3.63126E-2
6.73537E-1	4.89639E-2	5.66973E-1	3.54635E-2
6.52576E-1	4.77581E-2	5.49408E-1	3.46123E-2
6.31820E-1	4.65452E-2	5.31929E-1	3.37592E-2
6.10653E-1	4.53273E-2	5.14278E-1	3.29038E-2
5.89898E-1	4.41035E-2	4.96539E-1	3.20440E-2
5.68628E-1	4.28690E-2	4.78801E-1	3.11790E-2
5.47770E-1	4.16284E-2	4.61236E-1	3.03114E-2
5.27014E-1	4.03878E-2	4.43758E-1	2.94437E-2
5.06052E-1	3.91443E-2	4.25933E-1	2.85750E-2
4.85297E-1	3.78976E-2	4.08541E-1	2.77058E-2
4.64335E-1	3.66458E-2	3.91063E-1	2.68353E-2
4.43477E-1	3.53871E-2	3.73324E-1	2.59613E-2
4.22721E-1	3.41238E-2	3.55759E-1	2.50841E-2
4.01760E-1	3.28557E-2	3.38281E-1	2.42037E-2
3.79976E-1	3.15664E-2	3.20023E-1	2.33109E-2
3.59118E-1	3.02672E-2	3.02372E-1	2.24128E-2
3.38362E-1	2.89785E-2	2.84634E-1	2.15220E-2
3.17298E-1	2.76906E-2	2.67155E-1	2.06300E-2
2.96337E-1	2.63990E-2	2.49677E-1	1.97340E-2
2.75581E-1	2.51054E-2	2.32025E-1	1.88393E-2
2.54928E-1	2.38098E-2	2.14547E-1	1.79460E-2
2.33967E-1	2.25101E-2	1.96895E-1	1.70502E-2
2.13006E-1	2.12064E-2	1.79243E-1	1.61528E-2
1.91942E-1	1.98957E-2	1.61678E-1	1.52508E-2
1.71083E-1	1.85785E-2	1.43767E-1	1.43448E-2
1.50122E-1	1.72613E-2	1.26375E-1	1.34396E-2
1.29263E-1	1.59443E-2	1.08637E-1	1.25341E-2
1.08302E-1	1.46250E-2	9.11585E-2	1.16281E-2
8.75464E-2	1.33062E-2	7.35069E-2	1.07236E-2
6.64824E-2	1.19873E-2	5.58553E-2	9.81845E-3
4.56238E-2	1.06641E-2	3.82903E-2	8.91060E-3
2.47653E-2	9.33731E-3	2.08117E-2	8.00171E-3
