1.96869E-2	7.08075E-3	2.12711E-2	7.36608E-3
2.29489E-3	6.15521E-3	2.36482E-3	6.16983E-3
-1.57893E-2	5.20157E-3	-1.69524E-2	4.96067E-3
-3.35274E-2	4.23710E-3	-3.59614E-2	3.74819E-3
-5.13521E-2	3.30573E-3	-5.45594E-2	2.54548E-3
-6.87441E-2	2.38581E-3	-7.33629E-2	1.34424E-3
-8.61361E-2	1.47172E-3	-9.20636E-2	1.44239E-4
-1.03701E-1	5.38890E-4	-1.10867E-1	-1.05451E-3
-1.21526E-1	-4.03096E-4	-1.29671E-1	-2.25451E-3
-1.39004E-1	-1.32739E-3	-1.48371E-1	-3.45492E-3
-1.56569E-1	-2.25584E-3	-1.67380E-1	-4.65534E-3
-1.74221E-1	-3.19096E-3	-1.86389E-1	-5.86033E-3
-1.91873E-1	-4.11671E-3	-2.04987E-1	-7.06574E-3
-2.09524E-1	-5.03497E-3	-2.23688E-1	-8.26366E-3
-2.27003E-1	-5.95218E-3	-2.42697E-1	-9.45928E-3
-2.44481E-1	-6.86794E-3	-2.61398E-1	-1.06549E-2
-2.62133E-1	-7.78037E-3	-2.79996E-1	-1.18472E-2
-2.79785E-1	-8.69217E-3	-2.98902E-1	-1.30383E-2
-2.97176E-1	-9.60460E-3	-3.17808E-1	-1.42295E-2
-3.14655E-1	-1.05166E-2	-3.36509E-1	-1.54187E-2
-3.32653E-1	-1.14334E-2	-3.55415E-1	-1.66114E-2
-3.50391E-1	-1.23529E-2	-3.74321E-1	-1.78066E-2
-3.67869E-1	-1.32670E-2	-3.93228E-1	-1.89952E-2
-3.85607E-1	-1.41767E-2	-4.12237E-1	-2.01785E-2
-4.03000E-1	-1.50858E-2	-4.30937E-1	-2.13583E-2
-4.20738E-1	-1.59943E-2	-4.49433E-1	-2.25310E-2
-4.38216E-1	-1.69005E-2	-4.68236E-1	-2.37004E-2
-4.55781E-1	-1.78067E-2	-4.87348E-1	-2.48709E-2
-4.73433E-1	-1.87114E-2	-5.05946E-1	-2.60396E-2
-4.91171E-1	-1.96132E-2	-5.24852E-1	-2.72049E-2
-5.08823E-1	-2.05200E-2	-5.43758E-1	-2.83705E-2
-5.26388E-1	-2.14287E-2	-5.62665E-1	-2.95339E-2
-5.43953E-1	-2.23315E-2	-5.81160E-1	-3.06904E-2
-5.61518E-1	-2.32371E-2	-6.00169E-1	-3.18425E-2
-5.79256E-1	-2.41429E-2	-6.18767E-1	-3.29905E-2
-5.96648E-1	-2.50386E-2	-6.37570E-1	-3.41347E-2
-6.14127E-1	-2.59303E-2	-6.56374E-1	-3.52758E-2
-6.32038E-1	-2.68262E-2	-6.75075E-1	-3.64133E-2
-6.49603E-1	-2.77208E-2	-6.93981E-1	-3.75482E-2
-6.67687E-1	-2.86188E-2	-7.13504E-1	-3.86936E-2
-6.85252E-1	-2.95186E-2	-7.32205E-1	-3.98410E-2
-7.02731E-1	-3.04085E-2	-7.50905E-1	-4.09744E-2
-7.20469E-1	-3.12945E-2	-7.69811E-1	-4.20992E-2
-7.38034E-1	-3.21778E-2	-7.88615E-1	-4.32193E-2
-7.55340E-1	-3.30567E-2	-8.07316E-1	-4.43335E-2
-7.73251E-1	-3.39335E-2	-8.26120E-1	-4.54423E-2
-7.90816E-1	-3.48099E-2	-8.44923E-1	-4.65493E-2
-8.08295E-1	-3.56845E-2	-8.63932E-1	-4.76539E-2
-8.25860E-1	-3.65586E-2	-8.82736E-1	-4.87572E-2
-8.43684E-1	-3.74325E-2	-9.01642E-1	-4.98587E-2
-8.61423E-1	-3.83042E-2	-9.20548E-1	-5.09561E-2
-8.78901E-1	-3.91720E-2	-9.39352E-1	-5.20476E-2
-8.96380E-1	-4.00372E-2	-9.58361E-1	-5.31340E-2
-9.13945E-1	-4.08987E-2	-9.76959E-1	-5.42130E-2
-9.31510E-1	-4.17570E-2	-9.95660E-1	-5.52867E-2
-9.49162E-1	-4.26151E-2	-1.01446E+0	-5.63580E-2
-9.70361E-1	-4.34078E-2	-1.03337E+0	-5.74269E-2
-9.84898E-1	-4.42109E-2	-1.05207E+0	-5.84922E-2
-1.00238E+0	-4.50799E-2	-1.07108E+0	-5.95563E-2
-1.01977E+0	-4.59342E-2	-1.08988E+0	-6.06168E-2
-1.03733E+0	-4.67825E-2	-1.10889E+0	-6.16701E-2
-1.05490E+0	-4.76290E-2	-1.12739E+0	-6.27189E-2
-1.07246E+0	-4.84744E-2	-1.14619E+0	-6.37634E-2
-1.09012E+0	-4.93171E-2	-1.16489E+0	-6.48013E-2
-1.10768E+0	-5.01579E-2	-1.18441E+0	-6.58468E-2
-1.12516E+0	-5.09983E-2	-1.20270E+0	-6.68913E-2
-1.14281E+0	-5.18368E-2	-1.22141E+0	-6.79182E-2
-1.16064E+0	-5.26766E-2	-1.24031E+0	-6.89427E-2
-1.17829E+0	-5.35149E-2	-1.25912E+0	-6.99659E-2
-1.19577E+0	-5.43481E-2	-1.27802E+0	-7.09830E-2
-1.21342E+0	-5.51789E-2	-1.29693E+0	-7.19952E-2
-1.23133E+0	-5.60081E-2	-1.31511E+0	-7.29985E-2
-1.24855E+0	-5.68333E-2	-1.33433E+0	-7.39964E-2
-1.26611E+0	-5.76533E-2	-1.35324E+0	-7.49957E-2
-1.28368E+0	-5.84724E-2	-1.37183E+0	-7.60130E-2
-1.30142E+0	-5.92931E-2	-1.39064E+0	-7.70314E-2
-1.31898E+0	-6.01114E-2	-1.40954E+0	-7.80272E-2
-1.33689E+0	-6.09268E-2	-1.42866E+0	-7.90172E-2
-1.35437E+0	-6.17404E-2	-1.44725E+0	-8.00026E-2
-1.37194E+0	-6.25504E-2	-1.46616E+0	-8.09811E-2
-1.38976E+0	-6.33569E-2	-1.48486E+0	-8.19553E-2
-1.40724E+0	-6.41613E-2	-1.50387E+0	-8.29230E-2
-1.42472E+0	-6.49623E-2	-1.52247E+0	-8.38861E-2
-1.44229E+0	-6.57599E-2	-1.54138E+0	-8.48463E-2
-1.46002E+0	-6.65566E-2	-1.56008E+0	-8.58025E-2
-1.47750E+0	-6.73520E-2	-1.57919E+0	-8.67561E-2
-1.49515E+0	-6.81470E-2	-1.59809E+0	-8.77096E-2
-1.51281E+0	-6.89402E-2	-1.61669E+0	-8.86592E-2
-1.53072E+0	-6.97292E-2	-1.63560E+0	-8.96011E-2
-1.54811E+0	-7.05155E-2	-1.65461E+0	-9.05396E-2
-1.56559E+0	-7.12993E-2	-1.67341E+0	-9.14755E-2
-1.58298E+0	-7.20793E-2	-1.69026E+0	-9.23774E-2
-1.60063E+0	-7.28577E-2	-1.71081E+0	-9.32779E-2
-1.61846E+0	-7.36356E-2	-1.72972E+0	-9.42037E-2
-1.63585E+0	-7.44111E-2	-1.74852E+0	-9.51217E-2
-1.65367E+0	-7.51890E-2	-1.76764E+0	-9.60409E-2
-1.67150E+0	-7.59703E-2	-1.78634E+0	-9.69609E-2
-1.68932E+0	-7.67485E-2	-1.80524E+0	-9.78743E-2
-1.70689E+0	-7.75591E-2	-1.82415E+0	-9.87814E-2
-1.72437E+0	-7.83785E-2	-1.84285E+0	-9.96837E-2
-1.74072E+0	-7.91454E-2	-1.86135E+0	-1.00579E-1
-1.75967E+0	-7.99028E-2	-1.88015E+0	-1.01468E-1
-1.77698E+0	-8.06704E-2	-1.89906E+0	-1.02356E-1
-1.79454E+0	-8.14300E-2	-1.91796E+0	-1.03242E-1
-1.81228E+0	-8.21848E-2	-1.93666E+0	-1.04124E-1
-1.82993E+0	-8.29385E-2	-1.95567E+0	-1.05006E-1
-1.84767E+0	-8.36916E-2	-1.97468E+0	-1.05884E-1
-1.86515E+0	-8.46746E-2	-1.99338E+0	-1.06758E-1
-1.88298E+0	-8.57365E-2	-2.01198E+0	-1.07626E-1
-1.89976E+0	-8.65750E-2	-2.03058E+0	-1.08487E-1
-1.91811E+0	-8.73368E-2	-2.04969E+0	-1.09343E-1
-1.93541E+0	-8.80825E-2	-2.06819E+0	-1.10200E-1
-1.95298E+0	-8.88165E-2	-2.08699E+0	-1.11054E-1
-1.97072E+0	-8.95470E-2	-2.10569E+0	-1.11905E-1
-1.98863E+0	-9.02800E-2	-2.12491E+0	-1.12759E-1
-2.00619E+0	-9.10134E-2	-2.14371E+0	-1.13611E-1
-2.02376E+0	-9.17418E-2	-2.16262E+0	-1.14455E-1
-2.04141E+0	-9.24663E-2	-2.18142E+0	-1.15293E-1
-2.05906E+0	-9.31874E-2	-2.20012E+0	-1.16129E-1
-2.07646E+0	-9.39048E-2	-2.21903E+0	-1.16963E-1
-2.09402E+0	-9.46191E-2	-2.23773E+0	-1.17791E-1
-2.11176E+0	-9.53319E-2	-2.25633E+0	-1.18616E-1
-2.12932E+0	-9.60416E-2	-2.27503E+0	-1.19436E-1
-2.14706E+0	-9.67515E-2	-2.29424E+0	-1.20254E-1
-2.16454E+0	-9.74620E-2	-2.31305E+0	-1.21076E-1
-2.18219E+0	-9.81696E-2	-2.33185E+0	-1.21896E-1
-2.20002E+0	-9.88755E-2	-2.35076E+0	-1.22710E-1
-2.21750E+0	-9.95821E-2	-2.36967E+0	-1.23519E-1
-2.23489E+0	-1.00284E-1	-2.38847E+0	-1.24323E-1
-2.25254E+0	-1.00986E-1	-2.40697E+0	-1.25120E-1
-2.27028E+0	-1.01688E-1	-2.42587E+0	-1.25916E-1
-2.28759E+0	-1.02385E-1	-2.44488E+0	-1.26712E-1
-2.30515E+0	-1.03080E-1	-2.46368E+0	-1.27507E-1
-2.32306E+0	-1.03776E-1	-2.48269E+0	-1.28303E-1
-2.34080E+0	-1.04471E-1	-2.50140E+0	-1.29104E-1
-2.35846E+0	-1.05163E-1	-2.52051E+0	-1.29902E-1
-2.37602E+0	-1.05853E-1	-2.53921E+0	-1.30689E-1
-2.39359E+0	-1.06540E-1	-2.55801E+0	-1.31468E-1
-2.41089E+0	-1.07225E-1	-2.57661E+0	-1.32241E-1
-2.42872E+0	-1.07909E-1	-2.59542E+0	-1.33011E-1
-2.44628E+0	-1.08590E-1	-2.61432E+0	-1.33780E-1
-2.46368E+0	-1.09269E-1	-2.63313E+0	-1.34547E-1
-2.48159E+0	-1.09948E-1	-2.65193E+0	-1.35312E-1
-2.49933E+0	-1.10626E-1	-2.67073E+0	-1.36075E-1
-2.51681E+0	-1.11301E-1	-2.68964E+0	-1.36834E-1
-2.53428E+0	-1.11978E-1	-2.70855E+0	-1.37589E-1
-2.55202E+0	-1.12651E-1	-2.72725E+0	-1.38341E-1
-2.56959E+0	-1.13319E-1	-2.74585E+0	-1.39089E-1
-2.58716E+0	-1.13986E-1	-2.76475E+0	-1.39835E-1
-2.60446E+0	-1.14702E-1	-2.78366E+0	-1.40579E-1
-2.62237E+0	-1.15491E-1	-2.80226E+0	-1.41322E-1
-2.63994E+0	-1.16260E-1	-2.82117E+0	-1.42061E-1
-2.62990E+0	-1.16646E-1	-2.81099E+0	-1.42438E-1
-2.61138E+0	-1.16507E-1	-2.79075E+0	-1.42243E-1
-2.59408E+0	-1.16127E-1	-2.77154E+0	-1.41768E-1
-2.57634E+0	-1.15655E-1	-2.75263E+0	-1.41200E-1
-2.55869E+0	-1.15135E-1	-2.73424E+0	-1.40600E-1
-2.54103E+0	-1.14599E-1	-2.71543E+0	-1.39988E-1
-2.52330E+0	-1.14058E-1	-2.69642E+0	-1.39364E-1
-2.50573E+0	-1.13511E-1	-2.67752E+0	-1.38731E-1
-2.48825E+0	-1.12956E-1	-2.65892E+0	-1.38092E-1
-2.47051E+0	-1.12391E-1	-2.64001E+0	-1.37447E-1
-2.45277E+0	-1.11821E-1	-2.62121E+0	-1.36797E-1
-2.43512E+0	-1.11248E-1	-2.60251E+0	-1.36144E-1
-2.41773E+0	-1.10672E-1	-2.58350E+0	-1.35488E-1
-2.39999E+0	-1.10094E-1	-2.56500E+0	-1.34827E-1
-2.38251E+0	-1.09514E-1	-2.54609E+0	-1.34165E-1
-2.36495E+0	-1.08932E-1	-2.52719E+0	-1.33500E-1
-2.34755E+0	-1.08346E-1	-2.50859E+0	-1.32828E-1
-2.32973E+0	-1.07757E-1	-2.48989E+0	-1.32153E-1
-2.31182E+0	-1.07162E-1	-2.47067E+0	-1.31471E-1
-2.29399E+0	-1.06560E-1	-2.45166E+0	-1.30780E-1
-2.27651E+0	-1.05959E-1	-2.43286E+0	-1.30088E-1
-2.25886E+0	-1.05357E-1	-2.41426E+0	-1.29395E-1
-2.24138E+0	-1.04752E-1	-2.39535E+0	-1.28699E-1
-2.22373E+0	-1.04147E-1	-2.37655E+0	-1.28003E-1
-2.20642E+0	-1.03541E-1	-2.35795E+0	-1.27304E-1
-2.18886E+0	-1.02931E-1	-2.33915E+0	-1.26599E-1
-2.17095E+0	-1.02318E-1	-2.32014E+0	-1.25889E-1
-2.15338E+0	-1.01700E-1	-2.30123E+0	-1.25174E-1
-2.13564E+0	-1.01078E-1	-2.28233E+0	-1.24452E-1
-2.11816E+0	-1.00453E-1	-2.26393E+0	-1.23726E-1
-2.10042E+0	-9.98278E-2	-2.24492E+0	-1.22999E-1
-2.08277E+0	-9.92000E-2	-2.22602E+0	-1.22269E-1
-2.06521E+0	-9.85705E-2	-2.20701E+0	-1.21536E-1
-2.04790E+0	-9.79396E-2	-2.18861E+0	-1.20801E-1
-2.03025E+0	-9.73063E-2	-2.16981E+0	-1.20062E-1
-2.01251E+0	-9.66709E-2	-2.15101E+0	-1.19317E-1
-1.99503E+0	-9.60334E-2	-2.13210E+0	-1.18567E-1
-1.97729E+0	-9.53892E-2	-2.11288E+0	-1.17810E-1
-1.95955E+0	-9.47403E-2	-2.09418E+0	-1.17048E-1
-1.94190E+0	-9.40909E-2	-2.07538E+0	-1.16285E-1
-1.92442E+0	-9.34401E-2	-2.05658E+0	-1.15519E-1
-1.90677E+0	-9.27878E-2	-2.03777E+0	-1.14750E-1
-1.88947E+0	-9.21345E-2	-2.01928E+0	-1.13980E-1
-1.87190E+0	-9.14786E-2	-2.00037E+0	-1.13206E-1
-1.85416E+0	-9.08189E-2	-1.98167E+0	-1.12426E-1
-1.83668E+0	-9.01556E-2	-1.96276E+0	-1.11643E-1
-1.81903E+0	-8.94891E-2	-1.94386E+0	-1.10855E-1
-1.80129E+0	-8.88183E-2	-1.92505E+0	-1.10061E-1
-1.78364E+0	-8.81448E-2	-1.90594E+0	-1.09261E-1
-1.76599E+0	-8.74707E-2	-1.88714E+0	-1.08457E-1
-1.74851E+0	-8.67945E-2	-1.86854E+0	-1.07651E-1
-1.73094E+0	-8.61178E-2	-1.84974E+0	-1.06846E-1
-1.71321E+0	-8.54389E-2	-1.83083E+0	-1.06037E-1
-1.69564E+0	-8.47552E-2	-1.81213E+0	-1.05221E-1
-1.67825E+0	-8.40681E-2	-1.79332E+0	-1.04400E-1
-1.66051E+0	-8.33778E-2	-1.77462E+0	-1.03575E-1
-1.64234E+0	-8.26793E-2	-1.75531E+0	-1.02739E-1
-1.62477E+0	-8.19758E-2	-1.73630E+0	-1.01895E-1
-1.60729E+0	-8.12748E-2	-1.71780E+0	-1.01052E-1
-1.58973E+0	-8.05738E-2	-1.69889E+0	-1.00208E-1
-1.57208E+0	-7.98703E-2	-1.68009E+0	-9.93602E-2
-1.55451E+0	-7.91652E-2	-1.66139E+0	-9.85101E-2
-1.53721E+0	-7.84586E-2	-1.64248E+0	-9.76564E-2
-1.51947E+0	-7.77493E-2	-1.62389E+0	-9.67967E-2
-1.50190E+0	-7.70372E-2	-1.60518E+0	-9.59326E-2
-1.48408E+0	-7.63192E-2	-1.58607E+0	-9.50613E-2
-1.46651E+0	-7.55972E-2	-1.56727E+0	-9.41839E-2
-1.44886E+0	-7.48747E-2	-1.54847E+0	-9.33048E-2
-1.43130E+0	-7.41498E-2	-1.52966E+0	-9.24216E-2
-1.41347E+0	-7.34226E-2	-1.51065E+0	-9.15332E-2
-1.39608E+0	-7.26954E-2	-1.49195E+0	-9.06439E-2
-1.37869E+0	-7.19667E-2	-1.47346E+0	-8.97521E-2
-1.36095E+0	-7.12341E-2	-1.45445E+0	-8.88527E-2
-1.34338E+0	-7.04979E-2	-1.43554E+0	-8.79468E-2
-1.32582E+0	-6.97580E-2	-1.41684E+0	-8.70357E-2
-1.30799E+0	-6.90123E-2	-1.39804E+0	-8.61177E-2
-1.29051E+0	-6.82632E-2	-1.37903E+0	-8.51949E-2
-1.27260E+0	-6.75133E-2	-1.36002E+0	-8.42698E-2
-1.25512E+0	-6.67611E-2	-1.34121E+0	-8.33404E-2
-1.23765E+0	-6.60093E-2	-1.32262E+0	-8.24085E-2
-1.22017E+0	-6.52569E-2	-1.30392E+0	-8.14744E-2
-1.20252E+0	-6.44989E-2	-1.28501E+0	-8.05346E-2
-1.18486E+0	-6.37355E-2	-1.26621E+0	-7.95881E-2
-1.16730E+0	-6.29704E-2	-1.24730E+0	-7.86370E-2
-1.14965E+0	-6.22005E-2	-1.22850E+0	-7.76784E-2
-1.13191E+0	-6.14264E-2	-1.20959E+0	-7.67130E-2
-1.11417E+0	-6.06524E-2	-1.19068E+0	-7.57459E-2
-1.09678E+0	-5.98764E-2	-1.17188E+0	-7.47763E-2
-1.07930E+0	-5.90986E-2	-1.15318E+0	-7.38017E-2
-1.06156E+0	-5.83196E-2	-1.13448E+0	-7.28241E-2
-1.04400E+0	-5.75368E-2	-1.11567E+0	-7.18433E-2
-1.02643E+0	-5.67499E-2	-1.09677E+0	-7.08551E-2
-1.00904E+0	-5.59608E-2	-1.07807E+0	-6.98618E-2
-9.91128E-1	-5.51670E-2	-1.05906E+0	-6.88612E-2
-9.73303E-1	-5.43675E-2	-1.04015E+0	-6.78526E-2
-9.55824E-1	-5.35664E-2	-1.02135E+0	-6.68418E-2
-9.38432E-1	-5.27639E-2	-1.00265E+0	-6.58293E-2
-9.20694E-1	-5.19600E-2	-9.84151E-1	-6.48129E-2
-9.03042E-1	-5.11558E-2	-9.65245E-1	-6.37937E-2
-8.85391E-1	-5.03489E-2	-9.46339E-1	-6.27698E-2
-8.67912E-1	-4.95382E-2	-9.27638E-1	-6.17398E-2
-8.50347E-1	-4.87248E-2	-9.08732E-1	-6.07051E-2
-8.32782E-1	-4.79083E-2	-8.89928E-1	-5.96641E-2
-8.14871E-1	-4.70764E-2	-8.70816E-1	-5.86145E-2
-7.97219E-1	-4.62372E-2	-8.52321E-1	-5.75591E-2
-7.79741E-1	-4.54038E-2	-8.33415E-1	-5.65027E-2
-7.62175E-1	-4.45715E-2	-8.14611E-1	-5.54426E-2
-7.44264E-1	-4.37406E-2	-7.95602E-1	-5.43783E-2
-7.26959E-1	-4.29072E-2	-7.77004E-1	-5.33114E-2
-7.09480E-1	-4.20695E-2	-7.58406E-1	-5.22404E-2
-6.91915E-1	-4.12280E-2	-7.39500E-1	-5.11632E-2
-6.74263E-1	-4.03842E-2	-7.20491E-1	-5.00802E-2
-6.56092E-1	-3.95298E-2	-7.01174E-1	-4.89794E-2
-6.38614E-1	-3.86698E-2	-6.82267E-1	-4.78683E-2
-6.20962E-1	-3.78135E-2	-6.63566E-1	-4.67638E-2
-6.03224E-1	-3.69580E-2	-6.44660E-1	-4.56607E-2
-5.85659E-1	-3.61034E-2	-6.25857E-1	-4.45560E-2
-5.68353E-1	-3.52484E-2	-6.07259E-1	-4.34503E-2
-5.50702E-1	-3.43880E-2	-5.88455E-1	-4.23406E-2
-5.33050E-1	-3.35223E-2	-5.69446E-1	-4.12240E-2
-5.15226E-1	-3.26563E-2	-5.50745E-1	-4.01022E-2
-4.97747E-1	-3.17877E-2	-5.32250E-1	-3.89757E-2
-4.80268E-1	-3.09161E-2	-5.13036E-1	-3.78427E-2
-4.62444E-1	-3.00423E-2	-4.94130E-1	-3.67055E-2
-4.44792E-1	-2.91675E-2	-4.75223E-1	-3.55667E-2
-4.27227E-1	-2.82910E-2	-4.56420E-1	-3.44247E-2
-4.09749E-1	-2.74146E-2	-4.37822E-1	-3.32827E-2
-3.92183E-1	-2.65367E-2	-4.19326E-1	-3.21385E-2
-3.74532E-1	-2.56460E-2	-4.00215E-1	-3.09876E-2
-3.56880E-1	-2.47481E-2	-3.81617E-1	-2.98329E-2
-3.39402E-1	-2.38552E-2	-3.62710E-1	-2.86749E-2
-3.21404E-1	-2.29588E-2	-3.43599E-1	-2.75053E-2
-3.03752E-1	-2.20590E-2	-3.24590E-1	-2.63300E-2
-2.86274E-1	-2.11621E-2	-3.05992E-1	-2.51587E-2
-2.68795E-1	-2.02665E-2	-2.87291E-1	-2.39872E-2
-2.51144E-1	-1.93701E-2	-2.68282E-1	-2.28142E-2
-2.33579E-1	-1.84724E-2	-2.49581E-1	-2.16404E-2
-2.15927E-1	-1.75730E-2	-2.30983E-1	-2.04659E-2
-1.98362E-1	-1.66712E-2	-2.12077E-1	-1.92890E-2
-1.80797E-1	-1.57672E-2	-1.93479E-1	-1.81096E-2
-1.63145E-1	-1.48577E-2	-1.74367E-1	-1.69220E-2
-1.45321E-1	-1.39442E-2	-1.55358E-1	-1.57284E-2
-1.27669E-1	-1.30308E-2	-1.37069E-1	-1.45384E-2
-1.10364E-1	-1.21182E-2	-1.18265E-1	-1.33494E-2
-9.26257E-2	-1.12055E-2	-9.91534E-2	-1.21593E-2
-7.50606E-2	-1.02932E-2	-8.06582E-2	-1.09701E-2
-5.74090E-2	-9.38095E-3	-6.19575E-2	-9.78070E-3
-4.00170E-2	-8.46681E-3	-4.30512E-2	-8.58857E-3
-2.22789E-2	-7.55038E-3	-2.42478E-2	-7.39373E-3
-4.80036E-3	-6.63208E-3	-5.34152E-3	-6.19723E-3
1.35434E-2	-5.70711E-3	1.39757E-2	-4.98970E-3
3.09355E-2	-4.78048E-3	3.26764E-2	-3.77905E-3
4.85005E-2	-3.85947E-3	5.16854E-2	-2.57693E-3
6.62386E-2	-2.93971E-3	7.03862E-2	-1.37731E-3
8.37171E-2	-2.02162E-3	8.91897E-2	-1.80181E-4
1.00936E-1	-1.07875E-3	1.07993E-1	1.01569E-3
1.18847E-1	-1.26315E-4	1.26694E-1	2.21240E-3
1.36412E-1	8.03853E-4	1.45703E-1	3.41015E-3
1.54064E-1	1.72694E-3	1.64609E-1	4.60728E-3
1.71629E-1	2.64962E-3	1.83413E-1	5.80773E-3
1.89194E-1	3.57187E-3	2.02113E-1	7.00735E-3
2.06759E-1	4.49809E-3	2.21019E-1	8.20115E-3
2.24584E-1	5.42555E-3	2.40028E-1	9.39369E-3
2.41889E-1	6.34697E-3	2.58524E-1	1.05852E-2
2.59281E-1	7.26923E-3	2.77122E-1	1.17732E-2
2.76933E-1	8.19274E-3	2.96233E-1	1.29584E-2
2.94758E-1	9.11271E-3	3.15037E-1	1.41435E-2
3.12323E-1	1.00306E-2	3.33532E-1	1.53273E-2
3.30147E-1	1.09591E-2	3.52644E-1	1.65182E-2
3.48058E-1	1.18938E-2	3.72167E-1	1.77163E-2
3.65710E-1	1.28223E-2	3.91073E-1	1.89062E-2
3.83448E-1	1.37440E-2	4.09671E-1	2.00850E-2
4.00926E-1	1.46639E-2	4.28269E-1	2.12586E-2
4.18405E-1	1.55814E-2	4.46970E-1	2.24263E-2
4.36057E-1	1.64924E-2	4.65876E-1	2.35902E-2
4.53708E-1	1.74164E-2	4.84474E-1	2.47534E-2
4.71100E-1	1.83459E-2	5.03277E-1	2.59149E-2
4.88752E-1	1.92609E-2	5.22184E-1	2.70743E-2
5.06490E-1	2.01744E-2	5.41295E-1	2.82350E-2
5.24228E-1	2.10873E-2	5.59996E-1	2.93930E-2
5.41793E-1	2.19923E-2	5.78697E-1	3.05433E-2
5.59099E-1	2.29008E-2	5.97500E-1	3.16894E-2
5.76923E-1	2.38095E-2	6.16407E-1	3.28329E-2
5.94489E-1	2.47093E-2	6.35004E-1	3.39732E-2
6.11881E-1	2.56080E-2	6.53808E-1	3.51101E-2
6.29446E-1	2.65057E-2	6.72612E-1	3.62438E-2
6.47097E-1	2.74109E-2	6.91518E-1	3.73749E-2
6.65268E-1	2.83305E-2	7.10835E-1	3.85167E-2
6.82920E-1	2.92523E-2	7.29536E-1	3.96601E-2
7.00398E-1	3.01633E-2	7.48442E-1	4.07889E-2
7.18137E-1	3.10591E-2	7.67348E-1	4.19103E-2
7.35788E-1	3.19477E-2	7.86049E-1	4.30271E-2
7.53266E-1	3.28308E-2	8.04647E-1	4.41374E-2
7.70745E-1	3.37120E-2	8.23554E-1	4.52425E-2
7.88397E-1	3.45929E-2	8.42460E-1	4.63451E-2
8.06048E-1	3.54700E-2	8.61263E-1	4.74448E-2
8.23614E-1	3.63458E-2	8.79964E-1	4.85420E-2
8.41525E-1	3.72235E-2	8.99076E-1	4.96384E-2
8.58917E-1	3.80967E-2	9.17879E-1	5.07317E-2
8.76655E-1	3.89635E-2	9.36888E-1	5.18187E-2
8.94480E-1	3.98396E-2	9.55589E-1	5.29009E-2
9.11872E-1	4.07142E-2	9.74290E-1	5.39765E-2
9.29264E-1	4.15790E-2	9.93094E-1	5.50477E-2
9.46743E-1	4.24413E-2	1.01200E+0	5.61174E-2
9.64394E-1	4.32990E-2	1.03050E+0	5.71836E-2
9.81959E-1	4.41605E-2	1.04950E+0	5.82454E-2
1.00039E+0	4.50345E-2	1.06934E+0	5.93208E-2
1.01804E+0	4.59055E-2	1.08814E+0	6.03986E-2
1.03569E+0	4.67607E-2	1.10684E+0	6.14569E-2
1.05326E+0	4.76089E-2	1.12554E+0	6.25054E-2
1.07074E+0	4.84546E-2	1.14424E+0	6.35462E-2
1.08839E+0	4.92975E-2	1.16325E+0	6.45824E-2
1.10578E+0	5.01330E-2	1.18195E+0	6.56159E-2
1.12343E+0	5.09649E-2	1.20055E+0	6.66447E-2
1.14091E+0	5.18070E-2	1.21925E+0	6.76690E-2
1.15882E+0	5.26552E-2	1.23846E+0	6.86948E-2
1.17656E+0	5.34979E-2	1.25737E+0	6.97198E-2
1.19421E+0	5.43333E-2	1.27587E+0	7.07371E-2
1.21169E+0	5.51619E-2	1.29477E+0	7.17487E-2
1.22943E+0	5.59870E-2	1.31358E+0	7.27558E-2
1.24665E+0	5.68085E-2	1.33238E+0	7.37573E-2
1.26456E+0	5.76273E-2	1.35098E+0	7.47546E-2
1.28212E+0	5.84449E-2	1.36958E+0	7.57492E-2
1.29960E+0	5.92597E-2	1.38858E+0	7.67406E-2
1.31717E+0	6.00729E-2	1.40749E+0	7.77286E-2
1.33569E+0	6.08944E-2	1.42732E+0	7.87338E-2
1.35325E+0	6.17161E-2	1.44592E+0	7.97417E-2
1.37073E+0	6.25262E-2	1.46483E+0	8.07254E-2
1.38838E+0	6.33562E-2	1.48343E+0	8.16988E-2
1.40603E+0	6.41908E-2	1.50213E+0	8.26653E-2
1.42342E+0	6.50001E-2	1.52083E+0	8.36268E-2
1.44108E+0	6.58143E-2	1.53973E+0	8.45860E-2
1.45864E+0	6.66275E-2	1.55854E+0	8.55427E-2
1.47629E+0	6.74246E-2	1.57734E+0	8.64954E-2
1.49412E+0	6.82195E-2	1.59635E+0	8.74476E-2
1.51142E+0	6.90125E-2	1.61495E+0	8.83974E-2
1.52908E+0	6.97992E-2	1.63396E+0	8.93393E-2
1.54655E+0	7.05833E-2	1.65266E+0	9.02775E-2
1.56421E+0	7.13625E-2	1.67136E+0	9.12125E-2
1.58194E+0	7.21391E-2	1.69037E+0	9.21426E-2
1.59942E+0	7.29165E-2	1.70907E+0	9.30691E-2
1.61690E+0	7.36903E-2	1.72798E+0	9.39921E-2
1.63455E+0	7.44621E-2	1.74668E+0	9.49113E-2
1.65255E+0	7.52413E-2	1.76579E+0	9.58354E-2
1.67064E+0	7.60256E-2	1.78511E+0	9.67644E-2
1.68812E+0	7.68013E-2	1.80401E+0	9.76845E-2
1.70577E+0	7.75874E-2	1.82261E+0	9.85929E-2
1.72342E+0	7.83754E-2	1.84162E+0	9.94952E-2
1.74072E+0	7.91422E-2	1.86032E+0	1.00392E-1
1.75829E+0	7.99004E-2	1.87912E+0	1.01285E-1
1.77603E+0	8.06564E-2	1.89803E+0	1.02175E-1
1.79368E+0	8.14100E-2	1.91642E+0	1.03062E-1
1.81142E+0	8.22888E-2	1.93523E+0	1.03944E-1
1.82890E+0	8.32077E-2	1.95444E+0	1.04828E-1
1.84664E+0	8.40092E-2	1.97314E+0	1.05708E-1
1.86411E+0	8.47824E-2	1.99184E+0	1.06580E-1
1.88168E+0	8.55444E-2	2.01065E+0	1.07449E-1
1.89925E+0	8.62943E-2	2.02925E+0	1.08314E-1
1.91664E+0	8.70496E-2	2.04795E+0	1.09185E-1
1.93455E+0	8.78041E-2	2.06675E+0	1.10055E-1
1.95194E+0	8.85463E-2	2.08545E+0	1.10914E-1
1.96951E+0	8.92975E-2	2.10436E+0	1.11767E-1
1.98776E+0	9.00647E-2	2.12388E+0	1.12628E-1
2.00550E+0	9.08227E-2	2.14279E+0	1.13491E-1
2.02298E+0	9.15697E-2	2.16149E+0	1.14341E-1
2.04046E+0	9.23146E-2	2.18019E+0	1.15184E-1
2.05811E+0	9.30526E-2	2.19889E+0	1.16022E-1
2.07568E+0	9.37825E-2	2.21780E+0	1.16856E-1
2.09316E+0	9.45158E-2	2.23650E+0	1.17687E-1
2.11072E+0	9.52470E-2	2.25530E+0	1.18513E-1
2.12829E+0	9.59771E-2	2.27411E+0	1.19338E-1
2.14585E+0	9.67322E-2	2.29301E+0	1.20161E-1
2.16376E+0	9.75052E-2	2.31202E+0	1.20982E-1
2.18142E+0	9.82595E-2	2.33083E+0	1.21800E-1
2.19881E+0	9.89865E-2	2.34963E+0	1.22613E-1
2.21663E+0	9.97029E-2	2.36843E+0	1.23422E-1
2.23403E+0	1.00413E-1	2.38713E+0	1.24236E-1
2.25168E+0	1.01114E-1	2.40604E+0	1.25046E-1
2.26907E+0	1.01816E-1	2.42484E+0	1.25846E-1
2.28655E+0	1.02522E-1	2.44344E+0	1.26642E-1
2.30429E+0	1.03226E-1	2.46225E+0	1.27436E-1
2.32255E+0	1.03939E-1	2.48187E+0	1.28239E-1
2.34003E+0	1.04655E-1	2.50078E+0	1.29042E-1
2.35776E+0	1.05357E-1	2.51917E+0	1.29831E-1
2.37524E+0	1.06054E-1	2.53798E+0	1.30613E-1
2.39281E+0	1.06750E-1	2.55688E+0	1.31393E-1
2.41011E+0	1.07442E-1	2.57538E+0	1.32167E-1
2.42777E+0	1.08130E-1	2.59439E+0	1.32941E-1
2.44533E+0	1.08816E-1	2.61319E+0	1.33716E-1
2.46212E+0	1.09494E-1	2.63200E+0	1.34486E-1
2.48133E+0	1.10183E-1	2.65101E+0	1.35255E-1
2.49863E+0	1.10877E-1	2.66981E+0	1.36024E-1
2.51603E+0	1.11557E-1	2.68872E+0	1.36789E-1
2.53351E+0	1.12234E-1	2.70731E+0	1.37550E-1
2.55081E+0	1.12911E-1	2.72591E+0	1.38306E-1
2.56864E+0	1.13585E-1	2.74492E+0	1.39061E-1
2.58603E+0	1.14261E-1	2.76362E+0	1.39812E-1
2.60429E+0	1.14940E-1	2.78222E+0	1.40560E-1
2.62168E+0	1.15619E-1	2.80113E+0	1.41305E-1
2.63925E+0	1.16295E-1	2.82004E+0	1.42048E-1
2.62999E+0	1.16646E-1	2.81058E+0	1.42438E-1
2.61164E+0	1.16490E-1	2.79034E+0	1.42258E-1
2.59382E+0	1.16083E-1	2.77164E+0	1.41794E-1
2.57599E+0	1.15590E-1	2.75294E+0	1.41236E-1
2.55860E+0	1.15064E-1	2.73413E+0	1.40643E-1
2.54086E+0	1.14524E-1	2.71533E+0	1.40033E-1
2.52347E+0	1.13974E-1	2.69653E+0	1.39411E-1
2.50599E+0	1.13417E-1	2.67772E+0	1.38783E-1
2.48851E+0	1.12856E-1	2.65892E+0	1.38151E-1
2.47086E+0	1.12288E-1	2.64001E+0	1.37510E-1
2.45303E+0	1.11715E-1	2.62110E+0	1.36864E-1
2.43521E+0	1.11141E-1	2.60230E+0	1.36216E-1
2.41773E+0	1.10566E-1	2.58360E+0	1.35566E-1
2.40042E+0	1.09987E-1	2.56479E+0	1.34911E-1
2.38294E+0	1.09406E-1	2.54620E+0	1.34252E-1
2.36503E+0	1.08823E-1	2.52729E+0	1.33590E-1
2.34764E+0	1.08237E-1	2.50879E+0	1.32925E-1
2.33007E+0	1.07649E-1	2.48989E+0	1.32256E-1
2.31216E+0	1.07051E-1	2.47088E+0	1.31576E-1
2.29417E+0	1.06445E-1	2.45156E+0	1.30885E-1
2.27651E+0	1.05839E-1	2.43296E+0	1.30196E-1
2.25895E+0	1.05237E-1	2.41416E+0	1.29509E-1
2.24155E+0	1.04634E-1	2.39525E+0	1.28820E-1
2.22399E+0	1.04029E-1	2.37655E+0	1.28128E-1
2.20625E+0	1.03421E-1	2.35795E+0	1.27433E-1
2.18877E+0	1.02811E-1	2.33894E+0	1.26733E-1
2.17138E+0	1.02198E-1	2.32034E+0	1.26029E-1
2.15364E+0	1.01582E-1	2.30154E+0	1.25321E-1
2.13564E+0	1.00961E-1	2.28263E+0	1.24605E-1
2.11816E+0	1.00336E-1	2.26373E+0	1.23887E-1
2.10068E+0	9.97132E-2	2.24462E+0	1.23167E-1
2.08303E+0	9.90889E-2	2.22602E+0	1.22443E-1
2.06547E+0	9.84620E-2	2.20742E+0	1.21717E-1
2.04773E+0	9.78315E-2	2.18862E+0	1.20986E-1
2.03051E+0	9.71982E-2	2.16981E+0	1.20251E-1
2.01294E+0	9.65632E-2	2.15111E+0	1.19513E-1
1.99538E+0	9.59260E-2	2.13190E+0	1.18771E-1
1.97721E+0	9.52769E-2	2.11268E+0	1.18014E-1
1.95947E+0	9.46211E-2	2.09388E+0	1.17247E-1
1.94208E+0	9.39705E-2	2.07518E+0	1.16486E-1
1.92434E+0	9.33208E-2	2.05617E+0	1.15727E-1
1.90677E+0	9.26696E-2	2.03757E+0	1.14967E-1
1.88921E+0	9.20174E-2	2.01866E+0	1.14204E-1
1.87182E+0	9.13633E-2	1.99976E+0	1.13436E-1
1.85425E+0	9.07064E-2	1.98105E+0	1.12664E-1
1.83651E+0	9.00469E-2	1.96256E+0	1.11889E-1
1.81912E+0	8.93835E-2	1.94365E+0	1.11109E-1
1.80129E+0	8.87150E-2	1.92454E+0	1.10321E-1
1.78356E+0	8.80440E-2	1.90584E+0	1.09529E-1
1.76599E+0	8.73731E-2	1.88704E+0	1.08737E-1
1.74843E+0	8.66998E-2	1.86834E+0	1.07941E-1
1.73103E+0	8.60247E-2	1.84933E+0	1.07141E-1
1.71338E+0	8.53477E-2	1.83073E+0	1.06336E-1
1.69556E+0	8.46671E-2	1.81203E+0	1.05527E-1
1.67808E+0	8.39832E-2	1.79343E+0	1.04715E-1
1.66060E+0	8.32973E-2	1.77442E+0	1.03899E-1
1.64217E+0	8.25982E-2	1.75479E+0	1.03063E-1
1.62460E+0	8.18925E-2	1.73589E+0	1.02220E-1
1.60712E+0	8.11941E-2	1.71739E+0	1.01386E-1
1.58939E+0	8.04964E-2	1.69849E+0	1.00552E-1
1.57191E+0	7.97978E-2	1.67958E+0	9.97132E-2
1.55443E+0	7.90964E-2	1.66078E+0	9.88710E-2
1.53652E+0	7.83917E-2	1.64228E+0	9.80253E-2
1.51913E+0	7.76852E-2	1.62327E+0	9.71752E-2
1.50173E+0	7.69772E-2	1.60436E+0	9.63212E-2
1.48391E+0	7.62631E-2	1.58556E+0	9.54590E-2
1.46591E+0	7.55430E-2	1.56655E+0	9.45904E-2
1.44860E+0	7.48223E-2	1.54795E+0	9.37208E-2
1.43113E+0	7.41020E-2	1.52894E+0	9.28482E-2
1.41347E+0	7.33805E-2	1.51035E+0	9.19708E-2
1.39582E+0	7.26566E-2	1.49185E+0	9.10910E-2
1.37834E+0	7.19301E-2	1.47284E+0	9.02074E-2
1.36087E+0	7.12008E-2	1.45394E+0	8.93182E-2
1.34321E+0	7.04693E-2	1.43534E+0	8.84258E-2
1.32548E+0	6.97346E-2	1.41653E+0	8.75287E-2
1.30704E+0	6.89862E-2	1.39670E+0	8.66128E-2
1.28957E+0	6.82316E-2	1.37769E+0	8.56878E-2
1.27200E+0	6.74838E-2	1.35899E+0	8.47696E-2
1.25435E+0	6.67358E-2	1.34039E+0	8.38507E-2
1.23696E+0	6.59870E-2	1.32169E+0	8.29298E-2
1.21939E+0	6.52371E-2	1.30289E+0	8.20052E-2
1.20183E+0	6.44839E-2	1.28398E+0	8.10743E-2
1.18417E+0	6.37274E-2	1.26518E+0	8.01387E-2
1.16652E+0	6.29676E-2	1.24648E+0	7.91991E-2
1.14887E+0	6.22015E-2	1.22737E+0	7.82503E-2
1.13122E+0	6.14321E-2	1.20867E+0	7.72941E-2
1.11374E+0	6.06633E-2	1.18976E+0	7.63385E-2
1.09609E+0	5.98930E-2	1.17106E+0	7.53820E-2
1.07835E+0	5.91196E-2	1.15236E+0	7.44206E-2
1.06105E+0	5.83435E-2	1.13345E+0	7.34543E-2
1.04348E+0	5.75650E-2	1.11475E+0	7.24839E-2
1.02583E+0	5.67835E-2	1.09615E+0	7.15094E-2
1.00826E+0	5.60001E-2	1.07725E+0	7.05306E-2
9.90179E-1	5.52059E-2	1.05793E+0	6.95353E-2
9.72181E-1	5.44005E-2	1.03851E+0	6.85228E-2
9.54357E-1	5.35961E-2	1.02001E+0	6.75139E-2
9.36878E-1	5.27958E-2	1.00111E+0	6.65110E-2
9.19313E-1	5.19962E-2	9.82202E-1	6.55054E-2
9.01835E-1	5.11964E-2	9.63398E-1	6.44969E-2
8.84096E-1	5.03945E-2	9.45006E-1	6.34855E-2
8.66531E-1	4.95880E-2	9.25997E-1	6.24689E-2
8.48966E-1	4.87789E-2	9.07090E-1	6.14452E-2
8.31488E-1	4.79680E-2	8.88492E-1	6.04157E-2
8.13576E-1	4.71520E-2	8.69381E-1	5.93789E-2
7.95925E-1	4.63311E-2	8.50577E-1	5.83367E-2
7.78360E-1	4.55113E-2	8.31671E-1	5.72932E-2
7.60708E-1	4.46913E-2	8.12970E-1	5.62458E-2
7.43229E-1	4.38698E-2	7.94269E-1	5.51951E-2
7.25578E-1	4.30448E-2	7.75569E-1	5.41418E-2
7.08099E-1	4.22157E-2	7.56662E-1	5.30827E-2
6.90621E-1	4.13848E-2	7.37756E-1	5.20180E-2
6.72969E-1	4.05524E-2	7.19055E-1	5.09490E-2
6.54798E-1	3.97065E-2	6.99738E-1	4.98618E-2
6.37233E-1	3.88528E-2	6.80934E-1	4.87628E-2
6.19668E-1	3.80057E-2	6.61925E-1	4.76693E-2
6.02189E-1	3.71601E-2	6.43327E-1	4.65780E-2
5.84451E-1	3.63126E-2	6.24627E-1	4.54852E-2
5.66973E-1	3.54635E-2	6.05926E-1	4.43903E-2
5.49408E-1	3.46123E-2	5.86814E-1	4.32911E-2
5.31929E-1	3.37592E-2	5.68216E-1	4.21864E-2
5.14278E-1	3.29038E-2	5.49515E-1	4.10778E-2
4.96539E-1	3.20440E-2	5.30609E-1	3.99646E-2
4.78801E-1	3.11790E-2	5.11292E-1	3.88435E-2
4.61236E-1	3.03114E-2	4.92694E-1	3.77170E-2
4.43758E-1	2.94437E-2	4.73993E-1	3.65896E-2
4.25933E-1	2.85750E-2	4.55087E-1	3.54600E-2
4.08541E-1	2.77058E-2	4.36386E-1	3.43291E-2
3.91063E-1	2.68353E-2	4.17480E-1	3.31951E-2
3.73324E-1	2.59613E-2	3.98676E-1	3.20558E-2
3.55759E-1	2.50841E-2	3.80181E-1	3.09131E-2
3.38281E-1	2.42037E-2	3.61172E-1	2.97662E-2
3.20023E-1	2.33109E-2	3.41547E-1	2.86005E-2
3.02372E-1	2.24128E-2	3.22743E-1	2.74261E-2
2.84634E-1	2.15220E-2	3.04145E-1	2.62617E-2
2.67155E-1	2.06300E-2	2.85445E-1	2.50988E-2
2.49677E-1	1.97340E-2	2.66538E-1	2.39323E-2
2.32025E-1	1.88393E-2	2.47940E-1	2.27644E-2
2.14547E-1	1.79460E-2	2.29240E-1	2.15962E-2
1.96895E-1	1.70502E-2	2.10539E-1	2.04247E-2
1.79243E-1	1.61528E-2	1.91427E-1	1.92499E-2
1.61678E-1	1.52508E-2	1.72624E-1	1.80676E-2
1.43767E-1	1.43448E-2	1.53820E-1	1.68797E-2
1.26375E-1	1.34396E-2	1.35119E-1	1.56934E-2
1.08637E-1	1.25341E-2	1.16213E-1	1.45072E-2
9.11585E-2	1.16281E-2	9.75125E-2	1.33194E-2
7.35069E-2	1.07236E-2	7.88117E-2	1.21334E-2
5.58553E-2	9.81845E-3	6.00083E-2	1.09469E-2
3.82903E-2	8.91060E-3	4.11021E-2	9.75505E-3
2.08117E-2	8.00171E-3	2.24013E-2	8.56046E-3
