1.96869E-2	-1.47416E-2	2.12711E-2	-1.88632E-2
2.29489E-3	-1.44982E-2	2.36482E-3	-1.89289E-2
-1.57893E-2	-1.56293E-2	-1.69524E-2	-1.92709E-2
-3.35274E-2	-1.48402E-2	-3.59614E-2	-1.90341E-2
-5.13521E-2	-1.45837E-2	-5.45594E-2	-1.89618E-2
-6.87441E-2	-1.44785E-2	-7.33629E-2	-1.89881E-2
-8.61361E-2	-1.43996E-2	-9.20636E-2	-1.89224E-2
-1.03701E-1	-1.50704E-2	-1.10867E-1	-1.89487E-2
-1.21526E-1	-1.46890E-2	-1.29671E-1	-1.89618E-2
-1.39004E-1	-1.45114E-2	-1.48371E-1	-1.89618E-2
-1.56569E-1	-1.48205E-2	-1.67380E-1	-1.89618E-2
-1.74221E-1	-1.47218E-2	-1.86389E-1	-1.91065E-2
-1.91873E-1	-1.45246E-2	-2.04987E-1	-1.89750E-2
-2.09524E-1	-1.44851E-2	-2.23688E-1	-1.88697E-2
-2.27003E-1	-1.44917E-2	-2.42697E-1	-1.89026E-2
-2.44481E-1	-1.44391E-2	-2.61398E-1	-1.88697E-2
-2.62133E-1	-1.43865E-2	-2.79996E-1	-1.87974E-2
-2.79785E-1	-1.44193E-2	-2.98902E-1	-1.88303E-2
-2.97176E-1	-1.44062E-2	-3.17808E-1	-1.88040E-2
-3.14655E-1	-1.44062E-2	-3.36509E-1	-1.87645E-2
-3.32653E-1	-1.45574E-2	-3.55415E-1	-1.89158E-2
-3.50391E-1	-1.44917E-2	-3.74321E-1	-1.88434E-2
-3.67869E-1	-1.43865E-2	-3.93228E-1	-1.87053E-2
-3.85607E-1	-1.43536E-2	-4.12237E-1	-1.86790E-2
-4.03000E-1	-1.43667E-2	-4.30937E-1	-1.85935E-2
-4.20738E-1	-1.43338E-2	-4.49433E-1	-1.84555E-2
-4.38216E-1	-1.42944E-2	-4.68236E-1	-1.84883E-2
-4.55781E-1	-1.43338E-2	-4.87348E-1	-1.84883E-2
-4.73433E-1	-1.42484E-2	-5.05946E-1	-1.84357E-2
-4.91171E-1	-1.42418E-2	-5.24852E-1	-1.83765E-2
-5.08823E-1	-1.44062E-2	-5.43758E-1	-1.84489E-2
-5.26388E-1	-1.43010E-2	-5.62665E-1	-1.83042E-2
-5.43953E-1	-1.42221E-2	-5.81160E-1	-1.82319E-2
-5.61518E-1	-1.43865E-2	-6.00169E-1	-1.81661E-2
-5.79256E-1	-1.42286E-2	-6.18767E-1	-1.81003E-2
-5.96648E-1	-1.40708E-2	-6.37570E-1	-1.80477E-2
-6.14127E-1	-1.40971E-2	-6.56374E-1	-1.80017E-2
-6.32038E-1	-1.42089E-2	-6.75075E-1	-1.79359E-2
-6.49603E-1	-1.40511E-2	-6.93981E-1	-1.79162E-2
-6.67687E-1	-1.43207E-2	-7.13504E-1	-1.82713E-2
-6.85252E-1	-1.41037E-2	-7.32205E-1	-1.79754E-2
-7.02731E-1	-1.40116E-2	-7.50905E-1	-1.78307E-2
-7.20469E-1	-1.39787E-2	-7.69811E-1	-1.77058E-2
-7.38034E-1	-1.39261E-2	-7.88615E-1	-1.76795E-2
-7.55340E-1	-1.38406E-2	-8.07316E-1	-1.75216E-2
-7.73251E-1	-1.38604E-2	-8.26120E-1	-1.75085E-2
-7.90816E-1	-1.38275E-2	-8.44923E-1	-1.74625E-2
-8.08295E-1	-1.38012E-2	-8.63932E-1	-1.74362E-2
-8.25860E-1	-1.38143E-2	-8.82736E-1	-1.74164E-2
-8.43684E-1	-1.37946E-2	-9.01642E-1	-1.73835E-2
-8.61423E-1	-1.37420E-2	-9.20548E-1	-1.72849E-2
-8.78901E-1	-1.36762E-2	-9.39352E-1	-1.71994E-2
-8.96380E-1	-1.36565E-2	-9.58361E-1	-1.71205E-2
-9.13945E-1	-1.35579E-2	-9.76959E-1	-1.69693E-2
-9.31510E-1	-1.35579E-2	-9.95660E-1	-1.69495E-2
-9.49162E-1	-1.35513E-2	-1.01446E+0	-1.68969E-2
-9.70361E-1	-1.14930E-2	-1.03337E+0	-1.68706E-2
-9.84898E-1	-1.38801E-2	-1.05207E+0	-1.67851E-2
-1.00238E+0	-1.35710E-2	-1.07108E+0	-1.68312E-2
-1.01977E+0	-1.34198E-2	-1.08988E+0	-1.66733E-2
-1.03733E+0	-1.33803E-2	-1.10889E+0	-1.66010E-2
-1.05490E+0	-1.33606E-2	-1.12739E+0	-1.65352E-2
-1.07246E+0	-1.33474E-2	-1.14619E+0	-1.64629E-2
-1.09012E+0	-1.32751E-2	-1.16489E+0	-1.63248E-2
-1.10768E+0	-1.32882E-2	-1.18441E+0	-1.67062E-2
-1.12516E+0	-1.32619E-2	-1.20270E+0	-1.62919E-2
-1.14281E+0	-1.32291E-2	-1.22141E+0	-1.61472E-2
-1.16064E+0	-1.33014E-2	-1.24031E+0	-1.62196E-2
-1.17829E+0	-1.31830E-2	-1.25912E+0	-1.61078E-2
-1.19577E+0	-1.31370E-2	-1.27802E+0	-1.60223E-2
-1.21342E+0	-1.31107E-2	-1.29693E+0	-1.59565E-2
-1.23133E+0	-1.30844E-2	-1.31511E+0	-1.57395E-2
-1.24855E+0	-1.29857E-2	-1.33433E+0	-1.57856E-2
-1.26611E+0	-1.29200E-2	-1.35324E+0	-1.57856E-2
-1.28368E+0	-1.29594E-2	-1.37183E+0	-1.63511E-2
-1.30142E+0	-1.29660E-2	-1.39064E+0	-1.58250E-2
-1.31898E+0	-1.28871E-2	-1.40954E+0	-1.56343E-2
-1.33689E+0	-1.28740E-2	-1.42866E+0	-1.56409E-2
-1.35437E+0	-1.28279E-2	-1.44725E+0	-1.54896E-2
-1.37194E+0	-1.27622E-2	-1.46616E+0	-1.54239E-2
-1.38976E+0	-1.27161E-2	-1.48486E+0	-1.53515E-2
-1.40724E+0	-1.26964E-2	-1.50387E+0	-1.52200E-2
-1.42472E+0	-1.26109E-2	-1.52247E+0	-1.52069E-2
-1.44229E+0	-1.25846E-2	-1.54138E+0	-1.51280E-2
-1.46002E+0	-1.25846E-2	-1.56008E+0	-1.50819E-2
-1.47750E+0	-1.25451E-2	-1.57919E+0	-1.50425E-2
-1.49515E+0	-1.25715E-2	-1.59809E+0	-1.50819E-2
-1.51281E+0	-1.24860E-2	-1.61669E+0	-1.49175E-2
-1.53072E+0	-1.24399E-2	-1.63560E+0	-1.48386E-2
-1.54811E+0	-1.24005E-2	-1.65461E+0	-1.48123E-2
-1.56559E+0	-1.23610E-2	-1.67341E+0	-1.47531E-2
-1.58298E+0	-1.22821E-2	-1.69026E+0	-1.37404E-2
-1.60063E+0	-1.23084E-2	-1.71081E+0	-1.47071E-2
-1.61846E+0	-1.22690E-2	-1.72972E+0	-1.45427E-2
-1.63585E+0	-1.22295E-2	-1.74852E+0	-1.44572E-2
-1.65367E+0	-1.23479E-2	-1.76764E+0	-1.45821E-2
-1.67150E+0	-1.23347E-2	-1.78634E+0	-1.44835E-2
-1.68932E+0	-1.22492E-2	-1.80524E+0	-1.43717E-2
-1.70689E+0	-1.33606E-2	-1.82415E+0	-1.42862E-2
-1.72437E+0	-1.25254E-2	-1.84285E+0	-1.42205E-2
-1.74072E+0	-1.17034E-2	-1.86135E+0	-1.40495E-2
-1.75967E+0	-1.22229E-2	-1.88015E+0	-1.40495E-2
-1.77698E+0	-1.20256E-2	-1.89906E+0	-1.40166E-2
-1.79454E+0	-1.19730E-2	-1.91796E+0	-1.39574E-2
-1.81228E+0	-1.18744E-2	-1.93666E+0	-1.39180E-2
-1.82993E+0	-1.19336E-2	-1.95567E+0	-1.39245E-2
-1.84767E+0	-1.18612E-2	-1.97468E+0	-1.38325E-2
-1.86515E+0	-1.91936E-2	-1.99338E+0	-1.37601E-2
-1.88298E+0	-1.43536E-2	-2.01198E+0	-1.36812E-2
-1.89976E+0	-1.21374E-2	-2.03058E+0	-1.35037E-2
-1.91811E+0	-1.19270E-2	-2.04969E+0	-1.35563E-2
-1.93541E+0	-1.16311E-2	-2.06819E+0	-1.35234E-2
-1.95298E+0	-1.15587E-2	-2.08699E+0	-1.34511E-2
-1.97072E+0	-1.15193E-2	-2.10569E+0	-1.34313E-2
-1.98863E+0	-1.16377E-2	-2.12491E+0	-1.35365E-2
-2.00619E+0	-1.15324E-2	-2.14371E+0	-1.33787E-2
-2.02376E+0	-1.14798E-2	-2.16262E+0	-1.32866E-2
-2.04141E+0	-1.14075E-2	-2.18142E+0	-1.32077E-2
-2.05906E+0	-1.13746E-2	-2.20012E+0	-1.31946E-2
-2.07646E+0	-1.12891E-2	-2.21903E+0	-1.31420E-2
-2.09402E+0	-1.12760E-2	-2.23773E+0	-1.30368E-2
-2.11176E+0	-1.12431E-2	-2.25633E+0	-1.30039E-2
-2.12932E+0	-1.11773E-2	-2.27503E+0	-1.28987E-2
-2.14706E+0	-1.12497E-2	-2.29424E+0	-1.29710E-2
-2.16454E+0	-1.11971E-2	-2.31305E+0	-1.29973E-2
-2.18219E+0	-1.11576E-2	-2.33185E+0	-1.28987E-2
-2.20002E+0	-1.11444E-2	-2.35076E+0	-1.28132E-2
-2.21750E+0	-1.11773E-2	-2.36967E+0	-1.27540E-2
-2.23489E+0	-1.10063E-2	-2.38847E+0	-1.26225E-2
-2.25254E+0	-1.11642E-2	-2.40697E+0	-1.25830E-2
-2.27028E+0	-1.10261E-2	-2.42587E+0	-1.25633E-2
-2.28759E+0	-1.09932E-2	-2.44488E+0	-1.25699E-2
-2.30515E+0	-1.09472E-2	-2.46368E+0	-1.25436E-2
-2.32306E+0	-1.10327E-2	-2.48269E+0	-1.25962E-2
-2.34080E+0	-1.09340E-2	-2.50140E+0	-1.27277E-2
-2.35846E+0	-1.09143E-2	-2.52051E+0	-1.24909E-2
-2.37602E+0	-1.08880E-2	-2.53921E+0	-1.23528E-2
-2.39359E+0	-1.08288E-2	-2.55801E+0	-1.22674E-2
-2.41089E+0	-1.08025E-2	-2.57661E+0	-1.21621E-2
-2.42872E+0	-1.08025E-2	-2.59542E+0	-1.21556E-2
-2.44628E+0	-1.07367E-2	-2.61432E+0	-1.21424E-2
-2.46368E+0	-1.07038E-2	-2.63313E+0	-1.20767E-2
-2.48159E+0	-1.07499E-2	-2.65193E+0	-1.20964E-2
-2.49933E+0	-1.06578E-2	-2.67073E+0	-1.20043E-2
-2.51681E+0	-1.06841E-2	-2.68964E+0	-1.19649E-2
-2.53428E+0	-1.06907E-2	-2.70855E+0	-1.18859E-2
-2.55202E+0	-1.05855E-2	-2.72725E+0	-1.18728E-2
-2.56959E+0	-1.05197E-2	-2.74585E+0	-1.17676E-2
-2.58716E+0	-1.05394E-2	-2.76475E+0	-1.17873E-2
-2.60446E+0	-1.20848E-2	-2.78366E+0	-1.17478E-2
-2.62237E+0	-1.28345E-2	-2.80226E+0	-1.17018E-2
-2.63994E+0	-1.14667E-2	-2.82117E+0	-1.16492E-2
-2.62990E+0	-7.27931E-4	-2.81099E+0	-2.59431E-4
-2.61138E+0	5.13136E-3	-2.79075E+0	6.41529E-3
-2.59408E+0	6.86087E-3	-2.77154E+0	8.59855E-3
-2.57634E+0	8.04456E-3	-2.75263E+0	9.34822E-3
-2.55869E+0	8.38652E-3	-2.73424E+0	9.58496E-3
-2.54103E+0	8.55092E-3	-2.71543E+0	9.77567E-3
-2.52330E+0	8.55092E-3	-2.69642E+0	9.93349E-3
-2.50573E+0	8.72190E-3	-2.67752E+0	1.00650E-2
-2.48825E+0	8.82711E-3	-2.65892E+0	1.01242E-2
-2.47051E+0	8.99809E-3	-2.64001E+0	1.02426E-2
-2.45277E+0	9.03097E-3	-2.62121E+0	1.02952E-2
-2.43512E+0	9.07043E-3	-2.60251E+0	1.03281E-2
-2.41773E+0	9.10989E-3	-2.58350E+0	1.04070E-2
-2.39999E+0	9.16250E-3	-2.56500E+0	1.04596E-2
-2.38251E+0	9.16250E-3	-2.54609E+0	1.04530E-2
-2.36495E+0	9.22825E-3	-2.52719E+0	1.05648E-2
-2.34755E+0	9.28744E-3	-2.50859E+0	1.06569E-2
-2.32973E+0	9.29402E-3	-2.48989E+0	1.06700E-2
-2.31182E+0	9.51103E-3	-2.47067E+0	1.08936E-2
-2.29399E+0	9.51103E-3	-2.45166E+0	1.09133E-2
-2.27651E+0	9.47815E-3	-2.43286E+0	1.09462E-2
-2.25886E+0	9.54391E-3	-2.41426E+0	1.09659E-2
-2.24138E+0	9.57021E-3	-2.39535E+0	1.10054E-2
-2.22373E+0	9.54391E-3	-2.37655E+0	1.09988E-2
-2.20642E+0	9.58994E-3	-2.35795E+0	1.10909E-2
-2.18886E+0	9.67543E-3	-2.33915E+0	1.11764E-2
-2.17095E+0	9.71488E-3	-2.32014E+0	1.12487E-2
-2.15338E+0	9.79380E-3	-2.30123E+0	1.13408E-2
-2.13564E+0	9.87271E-3	-2.28233E+0	1.14657E-2
-2.11816E+0	9.85956E-3	-2.26393E+0	1.14657E-2
-2.10042E+0	9.89244E-3	-2.24492E+0	1.14986E-2
-2.08277E+0	9.93847E-3	-2.22602E+0	1.15709E-2
-2.06521E+0	9.95162E-3	-2.20701E+0	1.15972E-2
-2.04790E+0	9.97793E-3	-2.18861E+0	1.16235E-2
-2.03025E+0	1.00305E-2	-2.16981E+0	1.17156E-2
-2.01251E+0	1.00437E-2	-2.15101E+0	1.18143E-2
-1.99503E+0	1.00963E-2	-2.13210E+0	1.18734E-2
-1.97729E+0	1.02541E-2	-2.11288E+0	1.20576E-2
-1.95955E+0	1.02475E-2	-2.09418E+0	1.20181E-2
-1.94190E+0	1.02673E-2	-2.07538E+0	1.20839E-2
-1.92442E+0	1.02936E-2	-2.05658E+0	1.21102E-2
-1.90677E+0	1.03133E-2	-2.03777E+0	1.21825E-2
-1.88947E+0	1.03265E-2	-2.01928E+0	1.21562E-2
-1.87190E+0	1.03922E-2	-2.00037E+0	1.22812E-2
-1.85416E+0	1.04514E-2	-1.98167E+0	1.23469E-2
-1.83668E+0	1.05040E-2	-1.96276E+0	1.24061E-2
-1.81903E+0	1.05500E-2	-1.94386E+0	1.24916E-2
-1.80129E+0	1.06421E-2	-1.92505E+0	1.25968E-2
-1.78364E+0	1.06355E-2	-1.90594E+0	1.26691E-2
-1.76599E+0	1.06618E-2	-1.88714E+0	1.27218E-2
-1.74851E+0	1.07013E-2	-1.86854E+0	1.27415E-2
-1.73094E+0	1.06750E-2	-1.84974E+0	1.27086E-2
-1.71321E+0	1.07736E-2	-1.83083E+0	1.28335E-2
-1.69564E+0	1.08262E-2	-1.81213E+0	1.29453E-2
-1.67825E+0	1.08789E-2	-1.79332E+0	1.29979E-2
-1.66051E+0	1.09315E-2	-1.77462E+0	1.30637E-2
-1.64234E+0	1.11353E-2	-1.75531E+0	1.33596E-2
-1.62477E+0	1.10893E-2	-1.73630E+0	1.33004E-2
-1.60729E+0	1.10564E-2	-1.71780E+0	1.33136E-2
-1.58973E+0	1.10893E-2	-1.69889E+0	1.33596E-2
-1.57208E+0	1.11353E-2	-1.68009E+0	1.34254E-2
-1.55451E+0	1.11419E-2	-1.66139E+0	1.34320E-2
-1.53721E+0	1.11814E-2	-1.64248E+0	1.35372E-2
-1.51947E+0	1.12274E-2	-1.62389E+0	1.36227E-2
-1.50190E+0	1.12668E-2	-1.60518E+0	1.36753E-2
-1.48408E+0	1.14181E-2	-1.58607E+0	1.38528E-2
-1.46651E+0	1.13918E-2	-1.56727E+0	1.38660E-2
-1.44886E+0	1.14312E-2	-1.54847E+0	1.39054E-2
-1.43130E+0	1.14707E-2	-1.52966E+0	1.39975E-2
-1.41347E+0	1.15036E-2	-1.51065E+0	1.40698E-2
-1.39608E+0	1.14707E-2	-1.49195E+0	1.40238E-2
-1.37869E+0	1.15496E-2	-1.47346E+0	1.41488E-2
-1.36095E+0	1.15956E-2	-1.45445E+0	1.42671E-2
-1.34338E+0	1.16614E-2	-1.43554E+0	1.43526E-2
-1.32582E+0	1.17140E-2	-1.41684E+0	1.44315E-2
-1.30799E+0	1.18455E-2	-1.39804E+0	1.45696E-2
-1.29051E+0	1.18192E-2	-1.37903E+0	1.45828E-2
-1.27260E+0	1.18718E-2	-1.36002E+0	1.46420E-2
-1.25512E+0	1.18916E-2	-1.34121E+0	1.47209E-2
-1.23765E+0	1.18587E-2	-1.32262E+0	1.47209E-2
-1.22017E+0	1.19113E-2	-1.30392E+0	1.47866E-2
-1.20252E+0	1.20362E-2	-1.28501E+0	1.49050E-2
-1.18486E+0	1.20823E-2	-1.26621E+0	1.49971E-2
-1.16730E+0	1.20889E-2	-1.24730E+0	1.50497E-2
-1.14965E+0	1.22335E-2	-1.22850E+0	1.52338E-2
-1.13191E+0	1.22204E-2	-1.20959E+0	1.52667E-2
-1.11417E+0	1.22335E-2	-1.19068E+0	1.52864E-2
-1.09678E+0	1.22796E-2	-1.17188E+0	1.53456E-2
-1.07930E+0	1.22927E-2	-1.15318E+0	1.54442E-2
-1.06156E+0	1.23190E-2	-1.13448E+0	1.54377E-2
-1.04400E+0	1.24111E-2	-1.11567E+0	1.55495E-2
-1.02643E+0	1.24505E-2	-1.09677E+0	1.56678E-2
-1.00904E+0	1.24768E-2	-1.07807E+0	1.57139E-2
-9.91128E-1	1.26018E-2	-1.05906E+0	1.58980E-2
-9.73303E-1	1.26544E-2	-1.04015E+0	1.59638E-2
-9.55824E-1	1.26544E-2	-1.02135E+0	1.59703E-2
-9.38432E-1	1.27004E-2	-1.00265E+0	1.60164E-2
-9.20694E-1	1.26938E-2	-9.84151E-1	1.60953E-2
-9.03042E-1	1.27136E-2	-9.65245E-1	1.61019E-2
-8.85391E-1	1.27793E-2	-9.46339E-1	1.62465E-2
-8.67912E-1	1.28319E-2	-9.27638E-1	1.62926E-2
-8.50347E-1	1.28648E-2	-9.08732E-1	1.63978E-2
-8.32782E-1	1.29306E-2	-8.89928E-1	1.64898E-2
-8.14871E-1	1.33515E-2	-8.70816E-1	1.66674E-2
-7.97219E-1	1.31608E-2	-8.52321E-1	1.66740E-2
-7.79741E-1	1.31673E-2	-8.33415E-1	1.67003E-2
-7.62175E-1	1.31279E-2	-8.14611E-1	1.67923E-2
-7.44264E-1	1.31213E-2	-7.95602E-1	1.68318E-2
-7.26959E-1	1.32068E-2	-7.77004E-1	1.68713E-2
-7.09480E-1	1.32594E-2	-7.58406E-1	1.69633E-2
-6.91915E-1	1.33252E-2	-7.39500E-1	1.70685E-2
-6.74263E-1	1.33317E-2	-7.20491E-1	1.71475E-2
-6.56092E-1	1.36605E-2	-7.01174E-1	1.76275E-2
-6.38614E-1	1.35093E-2	-6.82267E-1	1.74763E-2
-6.20962E-1	1.35422E-2	-6.63566E-1	1.74171E-2
-6.03224E-1	1.34830E-2	-6.44660E-1	1.74302E-2
-5.85659E-1	1.35159E-2	-6.25857E-1	1.74697E-2
-5.68353E-1	1.34961E-2	-6.07259E-1	1.74631E-2
-5.50702E-1	1.36868E-2	-5.88455E-1	1.75946E-2
-5.33050E-1	1.36605E-2	-5.69446E-1	1.76801E-2
-5.15226E-1	1.37000E-2	-5.50745E-1	1.77590E-2
-4.97747E-1	1.37394E-2	-5.32250E-1	1.78314E-2
-4.80268E-1	1.37986E-2	-5.13036E-1	1.79629E-2
-4.62444E-1	1.38052E-2	-4.94130E-1	1.79629E-2
-4.44792E-1	1.38315E-2	-4.75223E-1	1.80155E-2
-4.27227E-1	1.38578E-2	-4.56420E-1	1.80615E-2
-4.09749E-1	1.38315E-2	-4.37822E-1	1.80155E-2
-3.92183E-1	1.39038E-2	-4.19326E-1	1.81339E-2
-3.74532E-1	1.42327E-2	-4.00215E-1	1.82259E-2
-3.56880E-1	1.41340E-2	-3.81617E-1	1.82522E-2
-3.39402E-1	1.40748E-2	-3.62710E-1	1.83312E-2
-3.21404E-1	1.42458E-2	-3.43599E-1	1.86205E-2
-3.03752E-1	1.41800E-2	-3.24590E-1	1.85087E-2
-2.86274E-1	1.41537E-2	-3.05992E-1	1.84955E-2
-2.68795E-1	1.41406E-2	-2.87291E-1	1.85153E-2
-2.51144E-1	1.41800E-2	-2.68282E-1	1.85416E-2
-2.33579E-1	1.41800E-2	-2.49581E-1	1.85416E-2
-2.15927E-1	1.42327E-2	-2.30983E-1	1.85613E-2
-1.98362E-1	1.42590E-2	-2.12077E-1	1.86205E-2
-1.80797E-1	1.42984E-2	-1.93479E-1	1.86402E-2
-1.63145E-1	1.44365E-2	-1.74367E-1	1.88770E-2
-1.45321E-1	1.44234E-2	-1.55358E-1	1.88309E-2
-1.27669E-1	1.44299E-2	-1.37069E-1	1.87652E-2
-1.10364E-1	1.44036E-2	-1.18265E-1	1.87981E-2
-9.26257E-2	1.44299E-2	-9.91534E-2	1.87981E-2
-7.50606E-2	1.43905E-2	-8.06582E-2	1.87717E-2
-5.74090E-2	1.44299E-2	-6.19575E-2	1.88046E-2
-4.00170E-2	1.44497E-2	-4.30512E-2	1.88572E-2
-2.22789E-2	1.45023E-2	-2.42478E-2	1.88901E-2
-4.80036E-3	1.45088E-2	-5.34152E-3	1.89098E-2
1.35434E-2	1.47127E-2	1.39757E-2	1.92386E-2
3.09355E-2	1.45615E-2	3.26764E-2	1.90085E-2
4.85005E-2	1.45352E-2	5.16854E-2	1.89690E-2
6.62386E-2	1.45220E-2	7.03862E-2	1.89296E-2
8.37171E-2	1.44825E-2	8.91897E-2	1.88901E-2
1.00936E-1	1.53046E-2	1.07993E-1	1.88901E-2
1.18847E-1	1.47850E-2	1.26694E-1	1.89164E-2
1.36412E-1	1.46009E-2	1.45703E-1	1.89230E-2
1.54064E-1	1.45615E-2	1.64609E-1	1.88967E-2
1.71629E-1	1.45878E-2	1.83413E-1	1.90282E-2
1.89194E-1	1.45483E-2	2.02113E-1	1.88704E-2
2.06759E-1	1.47127E-2	2.21019E-1	1.88441E-2
2.24584E-1	1.45878E-2	2.40028E-1	1.88309E-2
2.41889E-1	1.45220E-2	2.58524E-1	1.88112E-2
2.59281E-1	1.46141E-2	2.77122E-1	1.87191E-2
2.76933E-1	1.45615E-2	2.96233E-1	1.87257E-2
2.94758E-1	1.45023E-2	3.15037E-1	1.87126E-2
3.12323E-1	1.44957E-2	3.33532E-1	1.86863E-2
3.30147E-1	1.48377E-2	3.52644E-1	1.89361E-2
3.48058E-1	1.46930E-2	3.72167E-1	1.89164E-2
3.65710E-1	1.46404E-2	3.91073E-1	1.86731E-2
3.83448E-1	1.44760E-2	4.09671E-1	1.85679E-2
4.00926E-1	1.45878E-2	4.28269E-1	1.85087E-2
4.18405E-1	1.43971E-2	4.46970E-1	1.83838E-2
4.36057E-1	1.43839E-2	4.65876E-1	1.83838E-2
4.53708E-1	1.48048E-2	4.84474E-1	1.83640E-2
4.71100E-1	1.45615E-2	5.03277E-1	1.83312E-2
4.88752E-1	1.43444E-2	5.22184E-1	1.82983E-2
5.06490E-1	1.45154E-2	5.41295E-1	1.83706E-2
5.24228E-1	1.43247E-2	5.59996E-1	1.82128E-2
5.41793E-1	1.42655E-2	5.78697E-1	1.81273E-2
5.59099E-1	1.44365E-2	5.97500E-1	1.80813E-2
5.76923E-1	1.42721E-2	6.16407E-1	1.80418E-2
5.94489E-1	1.41537E-2	6.35004E-1	1.79826E-2
6.11881E-1	1.42392E-2	6.53808E-1	1.79366E-2
6.29446E-1	1.41209E-2	6.72612E-1	1.78774E-2
6.47097E-1	1.44760E-2	6.91518E-1	1.78577E-2
6.65268E-1	1.45746E-2	7.10835E-1	1.82128E-2
6.82920E-1	1.45483E-2	7.29536E-1	1.79103E-2
7.00398E-1	1.42327E-2	7.48442E-1	1.77525E-2
7.18137E-1	1.40683E-2	7.67348E-1	1.76735E-2
7.35788E-1	1.40025E-2	7.86049E-1	1.76078E-2
7.53266E-1	1.38973E-2	8.04647E-1	1.74697E-2
7.70745E-1	1.39433E-2	8.23554E-1	1.74434E-2
7.88397E-1	1.38841E-2	8.42460E-1	1.73908E-2
8.06048E-1	1.38249E-2	8.61263E-1	1.73513E-2
8.23614E-1	1.38447E-2	8.79964E-1	1.73119E-2
8.41525E-1	1.38841E-2	8.99076E-1	1.73250E-2
8.58917E-1	1.37000E-2	9.17879E-1	1.72132E-2
8.76655E-1	1.36868E-2	9.36888E-1	1.71277E-2
8.94480E-1	1.39893E-2	9.55589E-1	1.70620E-2
9.11872E-1	1.36408E-2	9.74290E-1	1.69173E-2
9.29264E-1	1.36803E-2	9.93094E-1	1.69239E-2
9.46743E-1	1.35619E-2	1.01200E+0	1.68713E-2
9.64394E-1	1.35356E-2	1.03050E+0	1.68121E-2
9.81959E-1	1.36803E-2	1.04950E+0	1.67332E-2
1.00039E+0	1.39302E-2	1.06934E+0	1.72395E-2
1.01804E+0	1.35882E-2	1.08814E+0	1.68121E-2
1.03569E+0	1.34304E-2	1.10684E+0	1.66214E-2
1.05326E+0	1.33646E-2	1.12554E+0	1.65030E-2
1.07074E+0	1.33515E-2	1.14424E+0	1.63781E-2
1.08839E+0	1.32791E-2	1.16325E+0	1.63583E-2
1.10578E+0	1.31147E-2	1.18195E+0	1.62926E-2
1.12343E+0	1.31673E-2	1.20055E+0	1.62071E-2
1.14091E+0	1.34369E-2	1.21925E+0	1.61545E-2
1.15882E+0	1.33580E-2	1.23846E+0	1.62531E-2
1.17656E+0	1.32660E-2	1.25737E+0	1.61282E-2
1.19421E+0	1.31279E-2	1.27587E+0	1.60098E-2
1.21169E+0	1.30490E-2	1.29477E+0	1.59506E-2
1.22943E+0	1.30161E-2	1.31358E+0	1.58651E-2
1.24665E+0	1.29372E-2	1.33238E+0	1.57731E-2
1.26456E+0	1.29306E-2	1.35098E+0	1.57336E-2
1.28212E+0	1.28977E-2	1.36958E+0	1.56876E-2
1.29960E+0	1.28451E-2	1.38858E+0	1.56350E-2
1.31717E+0	1.28451E-2	1.40749E+0	1.55758E-2
1.33569E+0	1.31081E-2	1.42732E+0	1.61808E-2
1.35325E+0	1.28517E-2	1.44592E+0	1.56613E-2
1.37073E+0	1.27399E-2	1.46483E+0	1.54179E-2
1.38838E+0	1.34830E-2	1.48343E+0	1.53325E-2
1.40603E+0	1.28846E-2	1.50213E+0	1.52009E-2
1.42342E+0	1.26807E-2	1.52083E+0	1.51746E-2
1.44108E+0	1.30424E-2	1.53973E+0	1.51286E-2
1.45864E+0	1.26478E-2	1.55854E+0	1.50957E-2
1.47629E+0	1.25360E-2	1.57734E+0	1.50037E-2
1.49412E+0	1.25755E-2	1.59635E+0	1.50760E-2
1.51142E+0	1.24768E-2	1.61495E+0	1.49313E-2
1.52908E+0	1.23782E-2	1.63396E+0	1.48261E-2
1.54655E+0	1.23914E-2	1.65266E+0	1.48129E-2
1.56421E+0	1.22269E-2	1.67136E+0	1.47275E-2
1.58194E+0	1.23059E-2	1.69037E+0	1.46551E-2
1.59942E+0	1.22533E-2	1.70907E+0	1.46157E-2
1.61690E+0	1.21941E-2	1.72798E+0	1.45433E-2
1.63455E+0	1.21875E-2	1.74668E+0	1.44973E-2
1.65255E+0	1.24308E-2	1.76579E+0	1.46946E-2
1.67064E+0	1.23453E-2	1.78511E+0	1.46551E-2
1.68812E+0	1.21612E-2	1.80401E+0	1.44118E-2
1.70577E+0	1.26741E-2	1.82261E+0	1.42869E-2
1.72342E+0	1.22204E-2	1.84162E+0	1.42211E-2
1.74072E+0	1.20034E-2	1.86032E+0	1.41159E-2
1.75829E+0	1.19508E-2	1.87912E+0	1.40896E-2
1.77603E+0	1.19310E-2	1.89803E+0	1.40370E-2
1.79368E+0	1.18784E-2	1.91642E+0	1.39646E-2
1.81142E+0	1.58832E-2	1.93523E+0	1.39186E-2
1.82890E+0	1.31476E-2	1.95444E+0	1.39909E-2
1.84664E+0	1.21743E-2	1.97314E+0	1.38134E-2
1.86411E+0	1.22533E-2	1.99184E+0	1.37476E-2
1.88168E+0	1.18192E-2	2.01065E+0	1.37016E-2
1.89925E+0	1.18718E-2	2.02925E+0	1.36227E-2
1.91664E+0	1.19902E-2	2.04795E+0	1.38791E-2
1.93455E+0	1.18455E-2	2.06675E+0	1.36358E-2
1.95194E+0	1.16022E-2	2.08545E+0	1.34977E-2
1.96951E+0	1.21283E-2	2.10436E+0	1.34451E-2
1.98776E+0	1.21086E-2	2.12388E+0	1.37608E-2
2.00550E+0	1.18390E-2	2.14279E+0	1.34977E-2
2.02298E+0	1.17600E-2	2.16149E+0	1.33531E-2
2.04046E+0	1.17732E-2	2.18019E+0	1.32741E-2
2.05811E+0	1.15430E-2	2.19889E+0	1.32084E-2
2.07568E+0	1.15167E-2	2.21780E+0	1.31492E-2
2.09316E+0	1.16483E-2	2.23650E+0	1.30769E-2
2.11072E+0	1.14510E-2	2.25530E+0	1.30374E-2
2.12829E+0	1.16154E-2	2.27411E+0	1.30177E-2
2.14585E+0	1.22401E-2	2.29301E+0	1.29716E-2
2.16376E+0	1.21809E-2	2.31202E+0	1.29716E-2
2.18142E+0	1.16483E-2	2.33083E+0	1.28862E-2
2.19881E+0	1.13194E-2	2.34963E+0	1.27809E-2
2.21663E+0	1.13129E-2	2.36843E+0	1.27744E-2
2.23403E+0	1.11156E-2	2.38713E+0	1.29388E-2
2.25168E+0	1.10498E-2	2.40604E+0	1.26691E-2
2.26907E+0	1.11287E-2	2.42484E+0	1.25968E-2
2.28655E+0	1.11485E-2	2.44344E+0	1.25442E-2
2.30429E+0	1.10893E-2	2.46225E+0	1.25574E-2
2.32255E+0	1.14444E-2	2.48187E+0	1.28138E-2
2.34003E+0	1.11748E-2	2.50078E+0	1.25442E-2
2.35776E+0	1.10235E-2	2.51917E+0	1.23666E-2
2.37524E+0	1.09906E-2	2.53798E+0	1.23469E-2
2.39281E+0	1.09775E-2	2.55688E+0	1.22943E-2
2.41011E+0	1.08986E-2	2.57538E+0	1.21628E-2
2.42777E+0	1.08460E-2	2.59439E+0	1.22877E-2
2.44533E+0	1.07999E-2	2.61319E+0	1.22154E-2
2.46212E+0	1.06487E-2	2.63200E+0	1.21036E-2
2.48133E+0	1.11090E-2	2.65101E+0	1.21759E-2
2.49863E+0	1.08065E-2	2.66981E+0	1.21102E-2
2.51603E+0	1.06881E-2	2.68872E+0	1.20707E-2
2.53351E+0	1.06947E-2	2.70731E+0	1.19721E-2
2.55081E+0	1.06816E-2	2.72591E+0	1.19195E-2
2.56864E+0	1.06355E-2	2.74492E+0	1.19129E-2
2.58603E+0	1.07210E-2	2.76362E+0	1.18340E-2
2.60429E+0	1.07013E-2	2.78222E+0	1.17879E-2
2.62168E+0	1.07671E-2	2.80113E+0	1.17419E-2
2.63925E+0	1.05764E-2	2.82004E+0	1.17485E-2
2.62999E+0	5.28100E-4	2.81058E+0	5.56003E-4
2.61164E+0	-5.46271E-3	2.79034E+0	-6.23709E-3
2.59382E+0	-7.40923E-3	2.77164E+0	-8.42692E-3
2.57599E+0	-8.16548E-3	2.75294E+0	-9.19633E-3
2.55860E+0	-8.43510E-3	2.73413E+0	-9.53171E-3
2.54086E+0	-8.62581E-3	2.71533E+0	-9.75529E-3
2.52347E+0	-8.76390E-3	2.69653E+0	-9.88681E-3
2.50599E+0	-8.82966E-3	2.67772E+0	-9.93942E-3
2.48851E+0	-8.88885E-3	2.65892E+0	-1.00446E-2
2.47086E+0	-9.04010E-3	2.64001E+0	-1.01959E-2
2.45303E+0	-9.06640E-3	2.62110E+0	-1.02288E-2
2.43521E+0	-9.07298E-3	2.60230E+0	-1.02419E-2
2.41773E+0	-9.10586E-3	2.58360E+0	-1.02945E-2
2.40042E+0	-9.17162E-3	2.56479E+0	-1.03866E-2
2.38294E+0	-9.17819E-3	2.54620E+0	-1.04261E-2
2.36503E+0	-9.24396E-3	2.52729E+0	-1.04852E-2
2.34764E+0	-9.26369E-3	2.50879E+0	-1.05313E-2
2.33007E+0	-9.31629E-3	2.48989E+0	-1.06102E-2
2.31216E+0	-9.56618E-3	2.47088E+0	-1.08798E-2
2.29417E+0	-9.59907E-3	2.45156E+0	-1.09258E-2
2.27651E+0	-9.52673E-3	2.43296E+0	-1.08403E-2
2.25895E+0	-9.50042E-3	2.41416E+0	-1.08667E-2
2.24155E+0	-9.53988E-3	2.39525E+0	-1.09193E-2
2.22399E+0	-9.57934E-3	2.37655E+0	-1.09456E-2
2.20625E+0	-9.63194E-3	2.35795E+0	-1.10047E-2
2.18877E+0	-9.65825E-3	2.33894E+0	-1.10902E-2
2.17138E+0	-9.69770E-3	2.32034E+0	-1.11494E-2
2.15364E+0	-9.75032E-3	2.30154E+0	-1.12415E-2
2.13564E+0	-9.88841E-3	2.28263E+0	-1.13533E-2
2.11816E+0	-9.83580E-3	2.26373E+0	-1.13533E-2
2.10068E+0	-9.84895E-3	2.24462E+0	-1.13993E-2
2.08303E+0	-9.87526E-3	2.22602E+0	-1.14519E-2
2.06547E+0	-9.92787E-3	2.20742E+0	-1.15045E-2
2.04773E+0	-9.99363E-3	2.18862E+0	-1.15703E-2
2.03051E+0	-1.00134E-2	2.16981E+0	-1.16426E-2
2.01294E+0	-1.00462E-2	2.15111E+0	-1.16821E-2
1.99538E+0	-1.00857E-2	2.13190E+0	-1.17544E-2
1.97721E+0	-1.04211E-2	2.11268E+0	-1.21753E-2
1.95947E+0	-1.02961E-2	2.09388E+0	-1.20503E-2
1.94208E+0	-1.02567E-2	2.07518E+0	-1.19780E-2
1.92434E+0	-1.02698E-2	2.05617E+0	-1.19977E-2
1.90677E+0	-1.03027E-2	2.03757E+0	-1.20240E-2
1.88921E+0	-1.03027E-2	2.01866E+0	-1.20767E-2
1.87182E+0	-1.03619E-2	1.99976E+0	-1.21819E-2
1.85425E+0	-1.03882E-2	1.98105E+0	-1.22082E-2
1.83651E+0	-1.04474E-2	1.96256E+0	-1.22871E-2
1.81912E+0	-1.05131E-2	1.94365E+0	-1.23660E-2
1.80129E+0	-1.06052E-2	1.92454E+0	-1.25041E-2
1.78356E+0	-1.05921E-2	1.90584E+0	-1.25172E-2
1.76599E+0	-1.06052E-2	1.88704E+0	-1.25304E-2
1.74843E+0	-1.06644E-2	1.86834E+0	-1.26093E-2
1.73103E+0	-1.06644E-2	1.84933E+0	-1.26619E-2
1.71338E+0	-1.07236E-2	1.83073E+0	-1.27540E-2
1.69556E+0	-1.07762E-2	1.81203E+0	-1.28066E-2
1.67808E+0	-1.08288E-2	1.79343E+0	-1.28395E-2
1.66060E+0	-1.08419E-2	1.77442E+0	-1.29578E-2
1.64217E+0	-1.12431E-2	1.75479E+0	-1.34445E-2
1.62460E+0	-1.10524E-2	1.73589E+0	-1.32012E-2
1.60712E+0	-1.10129E-2	1.71739E+0	-1.31486E-2
1.58939E+0	-1.10261E-2	1.69849E+0	-1.32012E-2
1.57191E+0	-1.10458E-2	1.67958E+0	-1.32866E-2
1.55443E+0	-1.11116E-2	1.66078E+0	-1.33195E-2
1.53652E+0	-1.11510E-2	1.64228E+0	-1.33984E-2
1.51913E+0	-1.11707E-2	1.62327E+0	-1.34576E-2
1.50173E+0	-1.11971E-2	1.60436E+0	-1.35234E-2
1.48391E+0	-1.13615E-2	1.58556E+0	-1.37141E-2
1.46591E+0	-1.13878E-2	1.56655E+0	-1.37272E-2
1.44860E+0	-1.13812E-2	1.54795E+0	-1.37470E-2
1.43113E+0	-1.13746E-2	1.52894E+0	-1.38193E-2
1.41347E+0	-1.14206E-2	1.51035E+0	-1.38982E-2
1.39582E+0	-1.14469E-2	1.49185E+0	-1.38982E-2
1.37834E+0	-1.15061E-2	1.47284E+0	-1.40166E-2
1.36087E+0	-1.15324E-2	1.45394E+0	-1.40758E-2
1.34321E+0	-1.15785E-2	1.43534E+0	-1.41152E-2
1.32548E+0	-1.16311E-2	1.41653E+0	-1.42270E-2
1.30704E+0	-1.20125E-2	1.39670E+0	-1.47071E-2
1.28957E+0	-1.18284E-2	1.37769E+0	-1.45164E-2
1.27200E+0	-1.17955E-2	1.35899E+0	-1.44901E-2
1.25435E+0	-1.18349E-2	1.34039E+0	-1.45427E-2
1.23696E+0	-1.18218E-2	1.32169E+0	-1.45493E-2
1.21939E+0	-1.18678E-2	1.30289E+0	-1.46611E-2
1.20183E+0	-1.19270E-2	1.28398E+0	-1.47465E-2
1.18417E+0	-1.19730E-2	1.26518E+0	-1.48123E-2
1.16652E+0	-1.20322E-2	1.24648E+0	-1.48715E-2
1.14887E+0	-1.21703E-2	1.22737E+0	-1.51016E-2
1.13122E+0	-1.21374E-2	1.20867E+0	-1.51082E-2
1.11374E+0	-1.21506E-2	1.18976E+0	-1.50819E-2
1.09609E+0	-1.21835E-2	1.17106E+0	-1.51345E-2
1.07835E+0	-1.22492E-2	1.15236E+0	-1.52397E-2
1.06105E+0	-1.22690E-2	1.13345E+0	-1.52858E-2
1.04348E+0	-1.23281E-2	1.11475E+0	-1.53713E-2
1.02583E+0	-1.23610E-2	1.09615E+0	-1.54173E-2
1.00826E+0	-1.23873E-2	1.07725E+0	-1.55028E-2
9.90179E-1	-1.27030E-2	1.05793E+0	-1.59434E-2
9.72181E-1	-1.27424E-2	1.03851E+0	-1.60420E-2
9.54357E-1	-1.26701E-2	1.02001E+0	-1.58316E-2
9.36878E-1	-1.26109E-2	1.00111E+0	-1.58513E-2
9.19313E-1	-1.26504E-2	9.82202E-1	-1.59171E-2
9.01835E-1	-1.26175E-2	9.63398E-1	-1.59434E-2
8.84096E-1	-1.27161E-2	9.45006E-1	-1.60091E-2
8.66531E-1	-1.27622E-2	9.25997E-1	-1.61078E-2
8.48966E-1	-1.28016E-2	9.07090E-1	-1.62327E-2
8.31488E-1	-1.28148E-2	8.88492E-1	-1.62919E-2
8.13576E-1	-1.29660E-2	8.69381E-1	-1.64629E-2
7.95925E-1	-1.29660E-2	8.50577E-1	-1.64629E-2
7.78360E-1	-1.29331E-2	8.31671E-1	-1.65024E-2
7.60708E-1	-1.29726E-2	8.12970E-1	-1.65878E-2
7.43229E-1	-1.29792E-2	7.94269E-1	-1.66076E-2
7.25578E-1	-1.30844E-2	7.75569E-1	-1.66668E-2
7.08099E-1	-1.31107E-2	7.56662E-1	-1.67917E-2
6.90621E-1	-1.31370E-2	7.37756E-1	-1.68443E-2
6.72969E-1	-1.31633E-2	7.19055E-1	-1.69298E-2
6.54798E-1	-1.35579E-2	6.99738E-1	-1.74164E-2
6.37233E-1	-1.34132E-2	6.80934E-1	-1.73046E-2
6.19668E-1	-1.33474E-2	6.61925E-1	-1.72389E-2
6.02189E-1	-1.33672E-2	6.43327E-1	-1.72389E-2
5.84451E-1	-1.34066E-2	6.24627E-1	-1.72849E-2
5.66973E-1	-1.34198E-2	6.05926E-1	-1.73046E-2
5.49408E-1	-1.34724E-2	5.86814E-1	-1.74230E-2
5.31929E-1	-1.34790E-2	5.68216E-1	-1.74756E-2
5.14278E-1	-1.35447E-2	5.49515E-1	-1.75480E-2
4.96539E-1	-1.36171E-2	5.30609E-1	-1.76203E-2
4.78801E-1	-1.37091E-2	5.11292E-1	-1.77978E-2
4.61236E-1	-1.37025E-2	4.92694E-1	-1.77913E-2
4.43758E-1	-1.37091E-2	4.73993E-1	-1.78241E-2
4.25933E-1	-1.37354E-2	4.55087E-1	-1.78636E-2
4.08541E-1	-1.37223E-2	4.36386E-1	-1.78636E-2
3.91063E-1	-1.37815E-2	4.17480E-1	-1.79622E-2
3.73324E-1	-1.38275E-2	3.98676E-1	-1.80280E-2
3.55759E-1	-1.38867E-2	3.80181E-1	-1.80740E-2
3.38281E-1	-1.39261E-2	3.61172E-1	-1.81595E-2
3.20023E-1	-1.42812E-2	3.41547E-1	-1.86659E-2
3.02372E-1	-1.40905E-2	3.22743E-1	-1.84357E-2
2.84634E-1	-1.40511E-2	3.04145E-1	-1.83502E-2
2.67155E-1	-1.41300E-2	2.85445E-1	-1.83897E-2
2.49677E-1	-1.41760E-2	2.66538E-1	-1.84620E-2
2.32025E-1	-1.40905E-2	2.47940E-1	-1.84357E-2
2.14547E-1	-1.41300E-2	2.29240E-1	-1.84686E-2
1.96895E-1	-1.41694E-2	2.10539E-1	-1.85409E-2
1.79243E-1	-1.41826E-2	1.91427E-1	-1.85738E-2
1.61678E-1	-1.43141E-2	1.72624E-1	-1.87777E-2
1.43767E-1	-1.43075E-2	1.53820E-1	-1.87514E-2
1.26375E-1	-1.42878E-2	1.35119E-1	-1.87251E-2
1.08637E-1	-1.43207E-2	1.16213E-1	-1.87514E-2
9.11585E-2	-1.43010E-2	9.75125E-2	-1.87711E-2
7.35069E-2	-1.42747E-2	7.88117E-2	-1.86988E-2
5.58553E-2	-1.43207E-2	6.00083E-2	-1.87843E-2
3.82903E-2	-1.43601E-2	4.11021E-2	-1.88697E-2
2.08117E-2	-1.43536E-2	2.24013E-2	-1.88697E-2
